5.00000 10992.000
5.01742 10843.000
5.03484 10821.000
5.05226 10666.000
5.06968 10657.000
5.08710 10584.000
5.10451 10665.000
5.12193 10486.000
5.13935 10624.000
5.15677 10476.000
5.17419 10348.000
5.19161 10452.000
5.20903 10247.000
5.22645 9949.000
5.24387 10273.000
5.26129 10006.000
5.27870 10321.000
5.29612 9958.000
5.31354 10079.000
5.33096 9952.000
5.34838 9992.000
5.36580 9959.000
5.38322 9782.000
5.40064 9622.000
5.41806 9552.000
5.43548 9591.000
5.45289 9609.000
5.47031 9599.000
5.48773 9384.000
5.50515 9371.000
5.52257 9296.000
5.53999 9338.000
5.55741 9432.000
5.57483 9219.000
5.59225 9147.000
5.60967 9100.000
5.62708 9113.000
5.64450 8936.000
5.66192 8962.000
5.67934 8925.000
5.69676 8879.000
5.71418 8787.000
5.73160 8853.000
5.74902 8705.000
5.76644 8749.000
5.78386 8788.000
5.80127 8600.000
5.81869 8656.000
5.83611 8528.000
5.85353 8636.000
5.87095 8644.000
5.88837 8491.000
5.90579 8376.000
5.92321 8321.000
5.94063 8273.000
5.95805 8182.000
5.97547 8228.000
5.99288 8123.000
6.01030 8169.000
6.02772 8039.000
6.04514 7884.000
6.06256 7911.000
6.07998 7847.000
6.09740 8007.000
6.11482 7776.000
6.13224 7692.000
6.14966 7812.000
6.16707 7715.000
6.18449 7671.000
6.20191 7616.000
6.21933 7710.000
6.23675 7493.000
6.25417 7579.000
6.27159 7513.000
6.28901 7266.000
6.30643 7392.000
6.32385 7353.000
6.34126 7561.000
6.35868 7231.000
6.37610 7178.000
6.39352 7110.000
6.41094 7241.000
6.42836 6956.000
6.44578 7081.000
6.46320 6824.000
6.48062 6959.000
6.49804 6908.000
6.51545 6902.000
6.53287 6895.000
6.55029 6731.000
6.56771 6739.000
6.58513 6640.000
6.60255 6617.000
6.61997 6504.000
6.63739 6721.000
6.65481 6533.000
6.67223 6518.000
6.68965 6392.000
6.70706 6474.000
6.72448 6451.000
6.74190 6309.000
6.75932 6292.000
6.77674 6269.000
6.79416 6425.000
6.81158 6285.000
6.82900 6191.000
6.84642 6141.000
6.86384 6113.000
6.88125 5904.000
6.89867 5956.000
6.91609 5941.000
6.93351 5808.000
6.95093 5782.000
6.96835 5798.000
6.98577 5888.000
7.00319 5875.000
7.02061 5627.000
7.03803 5711.000
7.05544 5569.000
7.07286 5500.000
7.09028 5481.000
7.10770 5499.000
7.12512 5420.000
7.14254 5399.000
7.15996 5370.000
7.17738 5347.000
7.19480 5324.000
7.21222 5320.000
7.22963 5217.000
7.24705 5309.000
7.26447 5180.000
7.28189 5191.000
7.29931 5173.000
7.31673 5134.000
7.33415 5101.000
7.35157 5160.000
7.36899 4950.000
7.38641 4940.000
7.40382 4872.000
7.42124 4915.000
7.43866 4920.000
7.45608 4847.000
7.47350 4716.000
7.49092 4818.000
7.50834 4770.000
7.52576 4658.000
7.54318 4614.000
7.56060 4556.000
7.57802 4664.000
7.59543 4612.000
7.61285 4613.000
7.63027 4519.000
7.64769 4459.000
7.66511 4499.000
7.68253 4555.000
7.69995 4553.000
7.71737 4499.000
7.73479 4458.000
7.75221 4267.000
7.76962 4378.000
7.78704 4302.000
7.80446 4235.000
7.82188 4108.000
7.83930 4259.000
7.85672 4160.000
7.87414 4133.000
7.89156 4038.000
7.90898 4154.000
7.92640 4155.000
7.94381 4061.000
7.96123 4122.000
7.97865 4029.000
7.99607 3876.000
8.01349 3888.000
8.03091 3967.000
8.04833 3794.000
8.06575 3765.000
8.08317 3951.000
8.10059 3833.000
8.11800 3825.000
8.13542 3665.000
8.15284 3713.000
8.17026 3689.000
8.18768 3689.000
8.20510 3660.000
8.22252 3703.000
8.23994 3590.000
8.25736 3595.000
8.27478 3428.000
8.29219 3490.000
8.30961 3485.000
8.32703 3370.000
8.34445 3400.000
8.36187 3441.000
8.37929 3439.000
8.39671 3324.000
8.41413 3299.000
8.43155 3293.000
8.44897 3400.000
8.46639 3312.000
8.48380 3214.000
8.50122 3350.000
8.51864 3260.000
8.53606 3263.000
8.55348 3157.000
8.57090 3233.000
8.58832 3105.000
8.60574 3089.000
8.62316 3111.000
8.64058 3152.000
8.65799 3078.000
8.67541 3096.000
8.69283 2995.000
8.71025 2956.000
8.72767 3002.000
8.74509 2977.000
8.76251 3044.000
8.77993 2940.000
8.79735 2878.000
8.81477 2973.000
8.83218 2928.000
8.84960 2934.000
8.86702 2797.000
8.88444 2848.000
8.90186 2886.000
8.91928 2859.000
8.93670 2783.000
8.95412 2921.000
8.97154 2806.000
8.98896 2865.000
9.00637 2787.000
9.02379 2815.000
9.04121 2804.000
9.05863 2921.000
9.07605 2804.000
9.09347 2768.000
9.11089 2790.000
9.12831 2800.000
9.14573 2741.000
9.16315 2783.000
9.18057 2840.000
9.19798 2796.000
9.21540 2787.000
9.23282 2810.000
9.25024 2734.000
9.26766 2714.000
9.28508 2693.000
9.30250 2713.000
9.31992 2790.000
9.33734 2699.000
9.35476 2664.000
9.37217 2749.000
9.38959 2759.000
9.40701 2846.000
9.42443 2717.000
9.44185 2706.000
9.45927 2700.000
9.47669 2684.000
9.49411 2721.000
9.51153 2719.000
9.52895 2694.000
9.54636 2780.000
9.56378 2645.000
9.58120 2702.000
9.59862 2641.000
9.61604 2687.000
9.63346 2648.000
9.65088 2722.000
9.66830 2642.000
9.68572 2705.000
9.70314 2697.000
9.72055 2661.000
9.73797 2646.000
9.75539 2598.000
9.77281 2728.000
9.79023 2735.000
9.80765 2716.000
9.82507 2597.000
9.84249 2706.000
9.85991 2712.000
9.87733 2669.000
9.89474 2692.000
9.91216 2676.000
9.92958 2656.000
9.94700 2683.000
9.96442 2671.000
9.98184 2644.000
9.99926 2650.000
10.01668 2650.000
10.03410 2647.000
10.05152 2706.000
10.06894 2648.000
10.08635 2611.000
10.10377 2607.000
10.12119 2739.000
10.13861 2722.000
10.15603 2603.000
10.17345 2684.000
10.19087 2651.000
10.20829 2613.000
10.22571 2630.000
10.24313 2614.000
10.26054 2685.000
10.27796 2691.000
10.29538 2625.000
10.31280 2661.000
10.33022 2661.000
10.34764 2722.000
10.36506 2681.000
10.38248 2745.000
10.39990 2655.000
10.41732 2730.000
10.43473 2659.000
10.45215 2803.000
10.46957 2686.000
10.48699 2796.000
10.50441 2831.000
10.52183 2813.000
10.53925 2723.000
10.55667 2861.000
10.57409 2853.000
10.59151 2816.000
10.60892 2756.000
10.62634 2823.000
10.64376 2897.000
10.66118 2819.000
10.67860 2940.000
10.69602 2993.000
10.71344 2905.000
10.73086 3030.000
10.74828 2983.000
10.76570 3007.000
10.78312 2969.000
10.80053 2915.000
10.81795 3078.000
10.83537 3036.000
10.85279 3116.000
10.87021 3074.000
10.88763 3086.000
10.90505 3229.000
10.92247 3150.000
10.93989 3248.000
10.95731 3342.000
10.97472 3286.000
10.99214 3512.000
11.00956 3425.000
11.02698 3449.000
11.04440 3627.000
11.06182 3620.000
11.07924 3744.000
11.09666 3708.000
11.11408 3856.000
11.13150 3895.000
11.14891 3998.000
11.16633 4143.000
11.18375 4226.000
11.20117 4262.000
11.21859 4479.000
11.23601 4487.000
11.25343 4760.000
11.27085 4745.000
11.28827 5026.000
11.30569 5245.000
11.32310 5394.000
11.34052 5530.000
11.35794 5885.000
11.37536 6143.000
11.39278 6402.000
11.41020 6783.000
11.42762 7060.000
11.44504 7355.000
11.46246 7983.000
11.47988 8651.000
11.49729 8947.000
11.51471 9582.000
11.53213 10354.000
11.54955 11220.000
11.56697 11862.000
11.58439 13257.000
11.60181 14325.000
11.61923 15501.000
11.63665 17515.000
11.65407 18836.000
11.67149 20808.000
11.68890 22975.000
11.70632 24958.000
11.72374 26596.000
11.74116 28498.000
11.75858 29369.000
11.77600 29903.000
11.79342 30178.000
11.81084 29384.000
11.82826 27992.000
11.84568 26196.000
11.86309 23819.000
11.88051 21131.000
11.89793 18724.000
11.91535 16651.000
11.93277 14404.000
11.95019 13016.000
11.96761 11489.000
11.98503 10343.000
12.00245 9283.000
12.01987 8510.000
12.03728 7636.000
12.05470 7161.000
12.07212 6504.000
12.08954 6067.000
12.10696 5842.000
12.12438 5447.000
12.14180 5160.000
12.15922 4888.000
12.17664 4623.000
12.19406 4524.000
12.21147 4274.000
12.22889 4128.000
12.24631 4129.000
12.26373 4026.000
12.28115 3731.000
12.29857 3723.000
12.31599 3711.000
12.33341 3702.000
12.35083 3493.000
12.36825 3436.000
12.38566 3332.000
12.40308 3366.000
12.42050 3177.000
12.43792 3248.000
12.45534 3154.000
12.47276 3152.000
12.49018 3215.000
12.50760 3165.000
12.52502 3017.000
12.54244 3096.000
12.55986 2996.000
12.57727 2977.000
12.59469 2965.000
12.61211 2838.000
12.62953 2990.000
12.64695 3025.000
12.66437 2990.000
12.68179 2992.000
12.69921 2928.000
12.71663 2954.000
12.73405 2851.000
12.75146 2827.000
12.76888 2845.000
12.78630 2749.000
12.80372 2795.000
12.82114 2783.000
12.83856 2851.000
12.85598 2679.000
12.87340 2740.000
12.89082 2719.000
12.90824 2776.000
12.92565 2670.000
12.94307 2746.000
12.96049 2608.000
12.97791 2751.000
12.99533 2713.000
13.01275 2575.000
13.03017 2682.000
13.04759 2585.000
13.06501 2604.000
13.08243 2574.000
13.09984 2536.000
13.11726 2502.000
13.13468 2612.000
13.15210 2535.000
13.16952 2462.000
13.18694 2565.000
13.20436 2582.000
13.22178 2555.000
13.23920 2613.000
13.25662 2448.000
13.27404 2495.000
13.29145 2504.000
13.30887 2563.000
13.32629 2499.000
13.34371 2465.000
13.36113 2499.000
13.37855 2507.000
13.39597 2492.000
13.41339 2364.000
13.43081 2426.000
13.44823 2366.000
13.46564 2419.000
13.48306 2423.000
13.50048 2457.000
13.51790 2350.000
13.53532 2368.000
13.55274 2367.000
13.57016 2304.000
13.58758 2418.000
13.60500 2347.000
13.62242 2315.000
13.63983 2283.000
13.65725 2339.000
13.67467 2324.000
13.69209 2330.000
13.70951 2353.000
13.72693 2370.000
13.74435 2341.000
13.76177 2303.000
13.77919 2233.000
13.79661 2335.000
13.81402 2233.000
13.83144 2254.000
13.84886 2223.000
13.86628 2293.000
13.88370 2230.000
13.90112 2234.000
13.91854 2303.000
13.93596 2314.000
13.95338 2298.000
13.97080 2253.000
13.98821 2318.000
14.00563 2227.000
14.02305 2220.000
14.04047 2209.000
14.05789 2231.000
14.07531 2271.000
14.09273 2119.000
14.11015 2205.000
14.12757 2246.000
14.14499 2263.000
14.16241 2175.000
14.17982 2193.000
14.19724 2138.000
14.21466 2131.000
14.23208 2155.000
14.24950 2247.000
14.26692 2227.000
14.28434 2158.000
14.30176 2178.000
14.31918 2140.000
14.33660 2262.000
14.35401 2206.000
14.37143 2148.000
14.38885 2099.000
14.40627 2115.000
14.42369 2145.000
14.44111 1980.000
14.45853 2128.000
14.47595 2086.000
14.49337 2145.000
14.51079 2086.000
14.52820 2122.000
14.54562 2228.000
14.56304 2049.000
14.58046 2119.000
14.59788 2099.000
14.61530 2103.000
14.63272 2161.000
14.65014 2139.000
14.66756 2136.000
14.68498 2147.000
14.70239 2172.000
14.71981 1974.000
14.73723 2083.000
14.75465 2051.000
14.77207 2068.000
14.78949 2096.000
14.80691 2058.000
14.82433 2041.000
14.84175 2070.000
14.85917 2063.000
14.87658 2031.000
14.89400 2024.000
14.91142 2083.000
14.92884 2077.000
14.94626 1990.000
14.96368 2042.000
14.98110 2052.000
14.99852 2081.000
15.01594 1950.000
15.03336 2001.000
15.05078 2000.000
15.06819 1996.000
15.08561 1977.000
15.10303 1994.000
15.12045 1998.000
15.13787 1987.000
15.15529 2002.000
15.17271 1989.000
15.19013 2040.000
15.20755 1963.000
15.22497 1951.000
15.24238 1951.000
15.25980 1997.000
15.27722 1977.000
15.29464 1948.000
15.31206 1991.000
15.32948 1999.000
15.34690 1927.000
15.36432 2005.000
15.38174 1991.000
15.39916 1978.000
15.41657 1933.000
15.43399 1985.000
15.45141 1907.000
15.46883 2035.000
15.48625 1983.000
15.50367 1949.000
15.52109 1902.000
15.53851 1911.000
15.55593 1993.000
15.57335 1845.000
15.59076 1969.000
15.60818 1954.000
15.62560 1893.000
15.64302 2021.000
15.66044 1991.000
15.67786 1961.000
15.69528 1957.000
15.71270 1951.000
15.73012 1978.000
15.74754 2038.000
15.76496 1990.000
15.78237 1937.000
15.79979 1985.000
15.81721 1943.000
15.83463 2005.000
15.85205 1990.000
15.86947 2017.000
15.88689 1898.000
15.90431 2059.000
15.92173 1944.000
15.93915 2025.000
15.95656 2035.000
15.97398 2007.000
15.99140 1970.000
16.00882 2058.000
16.02624 2108.000
16.04366 2056.000
16.06108 1998.000
16.07850 2182.000
16.09592 2027.000
16.11334 2053.000
16.13075 2077.000
16.14817 2071.000
16.16559 2071.000
16.18301 2067.000
16.20043 2181.000
16.21785 2180.000
16.23527 2264.000
16.25269 2325.000
16.27011 2443.000
16.28753 2535.000
16.30494 2729.000
16.32236 2935.000
16.33978 3290.000
16.35720 3467.000
16.37462 3961.000
16.39204 4368.000
16.40946 4941.000
16.42688 5350.000
16.44430 5639.000
16.46172 5710.000
16.47913 5523.000
16.49655 5092.000
16.51397 4549.000
16.53139 4012.000
16.54881 3516.000
16.56623 3143.000
16.58365 2825.000
16.60107 2594.000
16.61849 2486.000
16.63591 2387.000
16.65333 2366.000
16.67074 2277.000
16.68816 2298.000
16.70558 2193.000
16.72300 2178.000
16.74042 2152.000
16.75784 2072.000
16.77526 2166.000
16.79268 2169.000
16.81010 2111.000
16.82752 2013.000
16.84493 2064.000
16.86235 2170.000
16.87977 2042.000
16.89719 2052.000
16.91461 2033.000
16.93203 2024.000
16.94945 1995.000
16.96687 1957.000
16.98429 2001.000
17.00171 1968.000
17.01912 1987.000
17.03654 1970.000
17.05396 2017.000
17.07138 1945.000
17.08880 2045.000
17.10622 1977.000
17.12364 1984.000
17.14106 2079.000
17.15848 2029.000
17.17590 2015.000
17.19331 2032.000
17.21073 1969.000
17.22815 1983.000
17.24557 2059.000
17.26299 2087.000
17.28041 2112.000
17.29783 2187.000
17.31525 2282.000
17.33267 2344.000
17.35009 2344.000
17.36750 2553.000
17.38492 2674.000
17.40234 2708.000
17.41976 2870.000
17.43718 2902.000
17.45460 2914.000
17.47202 2959.000
17.48944 2918.000
17.50686 2695.000
17.52428 2658.000
17.54170 2453.000
17.55911 2346.000
17.57653 2259.000
17.59395 2131.000
17.61137 2158.000
17.62879 2142.000
17.64621 2049.000
17.66363 2037.000
17.68105 1851.000
17.69847 1922.000
17.71589 1895.000
17.73330 1837.000
17.75072 1965.000
17.76814 1862.000
17.78556 1817.000
17.80298 1890.000
17.82040 1874.000
17.83782 1874.000
17.85524 1857.000
17.87266 1835.000
17.89008 1810.000
17.90749 1843.000
17.92491 1849.000
17.94233 1767.000
17.95975 1788.000
17.97717 1878.000
17.99459 1840.000
18.01201 1802.000
18.02943 1828.000
18.04685 1778.000
18.06427 1780.000
18.08168 1746.000
18.09910 1690.000
18.11652 1752.000
18.13394 1743.000
18.15136 1709.000
18.16878 1806.000
18.18620 1795.000
18.20362 1729.000
18.22104 1776.000
18.23846 1780.000
18.25588 1738.000
18.27329 1703.000
18.29071 1653.000
18.30813 1808.000
18.32555 1724.000
18.34297 1723.000
18.36039 1750.000
18.37781 1716.000
18.39523 1769.000
18.41265 1709.000
18.43007 1762.000
18.44748 1725.000
18.46490 1708.000
18.48232 1737.000
18.49974 1724.000
18.51716 1719.000
18.53458 1699.000
18.55200 1710.000
18.56942 1727.000
18.58684 1651.000
18.60426 1731.000
18.62167 1651.000
18.63909 1660.000
18.65651 1666.000
18.67393 1789.000
18.69135 1662.000
18.70877 1714.000
18.72619 1684.000
18.74361 1704.000
18.76103 1730.000
18.77845 1679.000
18.79586 1711.000
18.81328 1634.000
18.83070 1607.000
18.84812 1666.000
18.86554 1643.000
18.88296 1641.000
18.90038 1667.000
18.91780 1676.000
18.93522 1700.000
18.95264 1674.000
18.97005 1633.000
18.98747 1653.000
19.00489 1610.000
19.02231 1642.000
19.03973 1607.000
19.05715 1657.000
19.07457 1590.000
19.09199 1616.000
19.10941 1693.000
19.12683 1666.000
19.14425 1640.000
19.16166 1622.000
19.17908 1582.000
19.19650 1687.000
19.21392 1637.000
19.23134 1634.000
19.24876 1654.000
19.26618 1618.000
19.28360 1635.000
19.30102 1611.000
19.31844 1657.000
19.33585 1628.000
19.35327 1601.000
19.37069 1674.000
19.38811 1624.000
19.40553 1655.000
19.42295 1603.000
19.44037 1617.000
19.45779 1673.000
19.47521 1688.000
19.49263 1673.000
19.51004 1718.000
19.52746 1667.000
19.54488 1708.000
19.56230 1720.000
19.57972 1669.000
19.59714 1683.000
19.61456 1665.000
19.63198 1697.000
19.64940 1652.000
19.66682 1631.000
19.68423 1722.000
19.70165 1736.000
19.71907 1736.000
19.73649 1762.000
19.75391 1791.000
19.77133 1810.000
19.78875 1791.000
19.80617 1805.000
19.82359 1766.000
19.84101 1839.000
19.85842 1824.000
19.87584 1891.000
19.89326 1886.000
19.91068 2004.000
19.92810 2090.000
19.94552 2138.000
19.96294 2151.000
19.98036 2233.000
19.99778 2330.000
20.01520 2447.000
20.03262 2598.000
20.05003 2777.000
20.06745 2975.000
20.08487 3309.000
20.10229 3434.000
20.11971 3727.000
20.13713 4024.000
20.15455 4269.000
20.17197 4544.000
20.18939 4570.000
20.20681 4570.000
20.22422 4424.000
20.24164 4318.000
20.25906 4062.000
20.27648 3804.000
20.29390 3517.000
20.31132 3279.000
20.32874 2985.000
20.34616 2837.000
20.36358 2643.000
20.38100 2537.000
20.39841 2345.000
20.41583 2289.000
20.43325 2197.000
20.45067 2080.000
20.46809 2159.000
20.48551 2012.000
20.50293 1954.000
20.52035 1991.000
20.53777 1928.000
20.55519 1817.000
20.57260 1841.000
20.59002 1851.000
20.60744 1872.000
20.62486 1802.000
20.64228 1756.000
20.65970 1796.000
20.67712 1831.000
20.69454 1707.000
20.71196 1689.000
20.72938 1686.000
20.74680 1711.000
20.76421 1665.000
20.78163 1703.000
20.79905 1680.000
20.81647 1658.000
20.83389 1663.000
20.85131 1662.000
20.86873 1678.000
20.88615 1575.000
20.90357 1590.000
20.92099 1673.000
20.93840 1725.000
20.95582 1626.000
20.97324 1534.000
20.99066 1672.000
21.00808 1623.000
21.02550 1599.000
21.04292 1582.000
21.06034 1600.000
21.07776 1601.000
21.09518 1609.000
21.11259 1640.000
21.13001 1665.000
21.14743 1630.000
21.16485 1556.000
21.18227 1631.000
21.19969 1545.000
21.21711 1622.000
21.23453 1671.000
21.25195 1587.000
21.26937 1558.000
21.28678 1577.000
21.30420 1571.000
21.32162 1585.000
21.33904 1600.000
21.35646 1541.000
21.37388 1594.000
21.39130 1565.000
21.40872 1550.000
21.42614 1563.000
21.44356 1548.000
21.46097 1560.000
21.47839 1596.000
21.49581 1581.000
21.51323 1527.000
21.53065 1609.000
21.54807 1584.000
21.56549 1652.000
21.58291 1611.000
21.60033 1539.000
21.61775 1635.000
21.63517 1558.000
21.65258 1642.000
21.67000 1635.000
21.68742 1552.000
21.70484 1598.000
21.72226 1566.000
21.73968 1573.000
21.75710 1631.000
21.77452 1598.000
21.79194 1624.000
21.80936 1589.000
21.82677 1634.000
21.84419 1644.000
21.86161 1597.000
21.87903 1590.000
21.89645 1564.000
21.91387 1589.000
21.93129 1610.000
21.94871 1541.000
21.96613 1554.000
21.98355 1591.000
22.00096 1647.000
22.01838 1591.000
22.03580 1590.000
22.05322 1610.000
22.07064 1634.000
22.08806 1688.000
22.10548 1632.000
22.12290 1684.000
22.14032 1634.000
22.15774 1651.000
22.17515 1619.000
22.19257 1583.000
22.20999 1574.000
22.22741 1598.000
22.24483 1646.000
22.26225 1651.000
22.27967 1637.000
22.29709 1664.000
22.31451 1605.000
22.33193 1581.000
22.34935 1647.000
22.36676 1624.000
22.38418 1666.000
22.40160 1642.000
22.41902 1590.000
22.43644 1658.000
22.45386 1654.000
22.47128 1672.000
22.48870 1660.000
22.50612 1662.000
22.52354 1653.000
22.54095 1705.000
22.55837 1613.000
22.57579 1704.000
22.59321 1669.000
22.61063 1663.000
22.62805 1678.000
22.64547 1663.000
22.66289 1648.000
22.68031 1688.000
22.69773 1650.000
22.71514 1689.000
22.73256 1650.000
22.74998 1668.000
22.76740 1655.000
22.78482 1687.000
22.80224 1558.000
22.81966 1723.000
22.83708 1742.000
22.85450 1687.000
22.87192 1718.000
22.88933 1685.000
22.90675 1692.000
22.92417 1781.000
22.94159 1842.000
22.95901 1757.000
22.97643 1726.000
22.99385 1704.000
23.01127 1767.000
23.02869 1746.000
23.04611 1728.000
23.06352 1866.000
23.08094 1695.000
23.09836 1836.000
23.11578 1923.000
23.13320 1895.000
23.15062 1849.000
23.16804 1839.000
23.18546 1963.000
23.20288 1994.000
23.22030 2120.000
23.23772 2049.000
23.25513 2187.000
23.27255 2128.000
23.28997 2286.000
23.30739 2372.000
23.32481 2500.000
23.34223 2494.000
23.35965 2664.000
23.37707 2685.000
23.39449 2824.000
23.41191 3011.000
23.42932 2964.000
23.44674 3024.000
23.46416 3038.000
23.48158 3067.000
23.49900 2956.000
23.51642 2864.000
23.53384 2708.000
23.55126 2700.000
23.56868 2583.000
23.58610 2357.000
23.60351 2324.000
23.62093 2202.000
23.63835 2143.000
23.65577 2087.000
23.67319 1981.000
23.69061 1935.000
23.70803 1827.000
23.72545 1852.000
23.74287 1720.000
23.76029 1716.000
23.77770 1720.000
23.79512 1731.000
23.81254 1703.000
23.82996 1733.000
23.84738 1698.000
23.86480 1644.000
23.88222 1675.000
23.89964 1633.000
23.91706 1600.000
23.93448 1588.000
23.95189 1567.000
23.96931 1633.000
23.98673 1652.000
24.00415 1643.000
24.02157 1676.000
24.03899 1676.000
24.05641 1671.000
24.07383 1673.000
24.09125 1615.000
24.10867 1676.000
24.12609 1675.000
24.14350 1666.000
24.16092 1656.000
24.17834 1629.000
24.19576 1570.000
24.21318 1541.000
24.23060 1533.000
24.24802 1488.000
24.26544 1494.000
24.28286 1540.000
24.30028 1528.000
24.31769 1523.000
24.33511 1531.000
24.35253 1450.000
24.36995 1510.000
24.38737 1452.000
24.40479 1550.000
24.42221 1482.000
24.43963 1430.000
24.45705 1504.000
24.47447 1517.000
24.49188 1482.000
24.50930 1518.000
24.52672 1479.000
24.54414 1514.000
24.56156 1507.000
24.57898 1529.000
24.59640 1534.000
24.61382 1479.000
24.63124 1479.000
24.64866 1394.000
24.66607 1506.000
24.68349 1497.000
24.70091 1515.000
24.71833 1450.000
24.73575 1457.000
24.75317 1481.000
24.77059 1461.000
24.78801 1487.000
24.80543 1503.000
24.82285 1431.000
24.84027 1414.000
24.85768 1488.000
24.87510 1491.000
24.89252 1528.000
24.90994 1531.000
24.92736 1467.000
24.94478 1523.000
24.96220 1474.000
24.97962 1526.000
24.99704 1445.000
25.01446 1552.000
25.03187 1498.000
25.04929 1470.000
25.06671 1417.000
25.08413 1585.000
25.10155 1530.000
25.11897 1513.000
25.13639 1449.000
25.15381 1506.000
25.17123 1590.000
25.18865 1484.000
25.20606 1462.000
25.22348 1432.000
25.24090 1566.000
25.25832 1586.000
25.27574 1524.000
25.29316 1403.000
25.31058 1431.000
25.32800 1420.000
25.34542 1453.000
25.36284 1472.000
25.38025 1506.000
25.39767 1490.000
25.41509 1467.000
25.43251 1500.000
25.44993 1485.000
25.46735 1475.000
25.48477 1440.000
25.50219 1499.000
25.51961 1476.000
25.53703 1563.000
25.55444 1485.000
25.57186 1523.000
25.58928 1439.000
25.60670 1502.000
25.62412 1435.000
25.64154 1510.000
25.65896 1498.000
25.67638 1469.000
25.69380 1525.000
25.71122 1485.000
25.72864 1499.000
25.74605 1577.000
25.76347 1468.000
25.78089 1469.000
25.79831 1465.000
25.81573 1446.000
25.83315 1546.000
25.85057 1525.000
25.86799 1495.000
25.88541 1589.000
25.90283 1501.000
25.92024 1470.000
25.93766 1548.000
25.95508 1505.000
25.97250 1435.000
25.98992 1461.000
26.00734 1445.000
26.02476 1473.000
26.04218 1555.000
26.05960 1468.000
26.07702 1536.000
26.09443 1450.000
26.11185 1477.000
26.12927 1451.000
26.14669 1426.000
26.16411 1386.000
26.18153 1511.000
26.19895 1526.000
26.21637 1454.000
26.23379 1487.000
26.25121 1391.000
26.26862 1422.000
26.28604 1493.000
26.30346 1440.000
26.32088 1455.000
26.33830 1489.000
26.35572 1487.000
26.37314 1525.000
26.39056 1434.000
26.40798 1497.000
26.42540 1477.000
26.44281 1500.000
26.46023 1533.000
26.47765 1457.000
26.49507 1478.000
26.51249 1429.000
26.52991 1502.000
26.54733 1512.000
26.56475 1515.000
26.58217 1541.000
26.59959 1432.000
26.61701 1519.000
26.63442 1483.000
26.65184 1512.000
26.66926 1427.000
26.68668 1554.000
26.70410 1479.000
26.72152 1545.000
26.73894 1488.000
26.75636 1453.000
26.77378 1571.000
26.79120 1472.000
26.80861 1546.000
26.82603 1533.000
26.84345 1497.000
26.86087 1494.000
26.87829 1535.000
26.89571 1520.000
26.91313 1608.000
26.93055 1597.000
26.94797 1555.000
26.96539 1489.000
26.98280 1614.000
27.00022 1573.000
27.01764 1578.000
27.03506 1560.000
27.05248 1623.000
27.06990 1534.000
27.08732 1548.000
27.10474 1544.000
27.12216 1563.000
27.13958 1592.000
27.15699 1593.000
27.17441 1612.000
27.19183 1614.000
27.20925 1623.000
27.22667 1617.000
27.24409 1657.000
27.26151 1666.000
27.27893 1570.000
27.29635 1608.000
27.31377 1667.000
27.33119 1656.000
27.34860 1688.000
27.36602 1669.000
27.38344 1742.000
27.40086 1710.000
27.41828 1718.000
27.43570 1759.000
27.45312 1779.000
27.47054 1748.000
27.48796 1844.000
27.50538 1897.000
27.52279 1825.000
27.54021 1871.000
27.55763 1875.000
27.57505 1933.000
27.59247 1854.000
27.60989 1945.000
27.62731 1937.000
27.64473 1925.000
27.66215 2061.000
27.67957 2129.000
27.69698 1950.000
27.71440 2020.000
27.73182 2112.000
27.74924 2178.000
27.76666 2229.000
27.78408 2142.000
27.80150 2211.000
27.81892 2190.000
27.83634 2242.000
27.85376 2273.000
27.87117 2226.000
27.88859 2306.000
27.90601 2359.000
27.92343 2457.000
27.94085 2417.000
27.95827 2488.000
27.97569 2440.000
27.99311 2576.000
28.01053 2633.000
28.02795 2673.000
28.04536 2647.000
28.06278 2782.000
28.08020 2920.000
28.09762 2891.000
28.11504 2961.000
28.13246 3047.000
28.14988 3131.000
28.16730 3138.000
28.18472 3292.000
28.20214 3453.000
28.21956 3571.000
28.23697 3758.000
28.25439 3876.000
28.27181 4094.000
28.28923 4340.000
28.30665 4608.000
28.32407 4809.000
28.34149 5340.000
28.35891 5801.000
28.37633 6459.000
28.39375 7047.000
28.41116 8078.000
28.42858 9134.000
28.44600 10476.000
28.46342 11741.000
28.48084 13336.000
28.49826 14563.000
28.51568 15413.000
28.53310 15977.000
28.55052 15805.000
28.56794 16204.000
28.58535 16674.000
28.60277 16800.000
28.62019 17012.000
28.63761 17427.000
28.65503 18058.000
28.67245 18291.000
28.68987 18731.000
28.70729 18479.000
28.72471 17951.000
28.74213 17313.000
28.75954 16448.000
28.77696 15577.000
28.79438 14046.000
28.81180 13127.000
28.82922 11752.000
28.84664 10763.000
28.86406 9395.000
28.88148 8840.000
28.89890 8056.000
28.91632 7320.000
28.93373 6651.000
28.95115 6052.000
28.96857 5688.000
28.98599 5427.000
29.00341 4900.000
29.02083 4539.000
29.03825 4378.000
29.05567 4156.000
29.07309 3925.000
29.09051 3768.000
29.10793 3692.000
29.12534 3642.000
29.14276 3420.000
29.16018 3371.000
29.17760 3235.000
29.19502 3066.000
29.21244 2906.000
29.22986 2836.000
29.24728 2808.000
29.26470 2712.000
29.28212 2707.000
29.29953 2684.000
29.31695 2516.000
29.33437 2502.000
29.35179 2515.000
29.36921 2431.000
29.38663 2421.000
29.40405 2397.000
29.42147 2466.000
29.43889 2311.000
29.45631 2316.000
29.47372 2194.000
29.49114 2235.000
29.50856 2175.000
29.52598 2182.000
29.54340 2172.000
29.56082 2220.000
29.57824 2206.000
29.59566 2216.000
29.61308 2092.000
29.63050 2158.000
29.64791 2085.000
29.66533 2152.000
29.68275 2070.000
29.70017 2068.000
29.71759 2002.000
29.73501 2138.000
29.75243 2055.000
29.76985 2037.000
29.78727 2054.000
29.80469 2043.000
29.82211 2045.000
29.83952 2035.000
29.85694 2001.000
29.87436 2034.000
29.89178 1979.000
29.90920 1967.000
29.92662 2015.000
29.94404 1965.000
29.96146 1938.000
29.97888 1933.000
29.99630 1977.000
30.01371 2026.000
30.03113 1941.000
30.04855 1916.000
30.06597 1971.000
30.08339 1944.000
30.10081 1928.000
30.11823 1935.000
30.13565 1958.000
30.15307 1914.000
30.17049 1861.000
30.18790 1964.000
30.20532 1986.000
30.22274 1887.000
30.24016 1960.000
30.25758 1979.000
30.27500 1957.000
30.29242 1909.000
30.30984 1890.000
30.32726 1957.000
30.34468 1967.000
30.36209 2027.000
30.37951 2031.000
30.39693 2029.000
30.41435 2131.000
30.43177 2030.000
30.44919 2151.000
30.46661 2131.000
30.48403 2181.000
30.50145 2289.000
30.51887 2299.000
30.53628 2295.000
30.55370 2475.000
30.57112 2432.000
30.58854 2482.000
30.60596 2667.000
30.62338 2706.000
30.64080 2852.000
30.65822 2901.000
30.67564 3155.000
30.69306 3458.000
30.71048 3775.000
30.72789 3991.000
30.74531 4480.000
30.76273 5055.000
30.78015 5696.000
30.79757 6325.000
30.81499 6980.000
30.83241 7841.000
30.84983 8136.000
30.86725 8568.000
30.88467 8455.000
30.90208 8088.000
30.91950 7722.000
30.93692 6954.000
30.95434 6384.000
30.97176 5667.000
30.98918 4995.000
31.00660 4544.000
31.02402 4097.000
31.04144 3617.000
31.05886 3332.000
31.07627 3095.000
31.09369 2872.000
31.11111 2664.000
31.12853 2673.000
31.14595 2547.000
31.16337 2483.000
31.18079 2323.000
31.19821 2385.000
31.21563 2294.000
31.23305 2192.000
31.25046 2323.000
31.26788 2196.000
31.28530 2176.000
31.30272 2061.000
31.32014 2103.000
31.33756 2031.000
31.35498 1960.000
31.37240 1980.000
31.38982 1976.000
31.40724 2075.000
31.42466 1960.000
31.44207 1973.000
31.45949 1960.000
31.47691 1907.000
31.49433 1925.000
31.51175 1949.000
31.52917 1934.000
31.54659 1882.000
31.56401 1930.000
31.58143 1945.000
31.59885 1978.000
31.61626 1943.000
31.63368 1936.000
31.65110 1986.000
31.66852 1946.000
31.68594 1903.000
31.70336 1932.000
31.72078 1981.000
31.73820 1862.000
31.75562 1982.000
31.77304 1923.000
31.79045 2080.000
31.80787 2098.000
31.82529 2181.000
31.84271 2250.000
31.86013 2312.000
31.87755 2354.000
31.89497 2339.000
31.91239 2456.000
31.92981 2342.000
31.94723 2448.000
31.96464 2498.000
31.98206 2453.000
31.99948 2353.000
32.01690 2380.000
32.03432 2347.000
32.05174 2282.000
32.06916 2273.000
32.08658 2133.000
32.10400 2176.000
32.12142 2170.000
32.13883 2103.000
32.15625 2160.000
32.17367 1973.000
32.19109 1966.000
32.20851 1925.000
32.22593 1954.000
32.24335 1837.000
32.26077 1935.000
32.27819 1854.000
32.29561 1818.000
32.31303 1891.000
32.33044 1858.000
32.34786 1818.000
32.36528 1833.000
32.38270 1881.000
32.40012 1939.000
32.41754 1888.000
32.43496 1831.000
32.45238 1918.000
32.46980 1893.000
32.48722 1950.000
32.50463 1887.000
32.52205 1908.000
32.53947 1979.000
32.55689 2099.000
32.57431 2023.000
32.59173 2085.000
32.60915 2138.000
32.62657 2286.000
32.64399 2318.000
32.66141 2441.000
32.67882 2356.000
32.69624 2502.000
32.71366 2685.000
32.73108 2820.000
32.74850 2971.000
32.76592 3193.000
32.78334 3512.000
32.80076 3755.000
32.81818 4168.000
32.83560 4793.000
32.85301 5442.000
32.87043 6430.000
32.88785 7520.000
32.90527 9347.000
32.92269 11577.000
32.94011 14086.000
32.95753 16434.000
32.97495 18683.000
32.99237 20177.000
33.00979 19820.000
33.02720 19228.000
33.04462 17513.000
33.06204 15917.000
33.07946 14428.000
33.09688 12565.000
33.11430 10598.000
33.13172 8969.000
33.14914 7613.000
33.16656 6529.000
33.18398 5658.000
33.20140 4949.000
33.21881 4624.000
33.23623 4148.000
33.25365 4156.000
33.27107 3855.000
33.28849 3755.000
33.30591 3340.000
33.32333 3242.000
33.34075 3158.000
33.35817 3130.000
33.37559 3016.000
33.39300 2911.000
33.41042 2866.000
33.42784 2878.000
33.44526 2919.000
33.46268 2909.000
33.48010 3010.000
33.49752 3066.000
33.51494 3188.000
33.53236 3282.000
33.54978 3259.000
33.56719 3158.000
33.58461 3103.000
33.60203 3016.000
33.61945 3010.000
33.63687 2948.000
33.65429 2850.000
33.67171 2732.000
33.68913 2751.000
33.70655 2714.000
33.72397 2635.000
33.74138 2605.000
33.75880 2755.000
33.77622 2671.000
33.79364 2614.000
33.81106 2830.000
33.82848 2705.000
33.84590 2694.000
33.86332 2818.000
33.88074 2742.000
33.89816 2824.000
33.91558 2717.000
33.93299 2674.000
33.95041 2641.000
33.96783 2598.000
33.98525 2648.000
34.00267 2492.000
34.02009 2454.000
34.03751 2430.000
34.05493 2398.000
34.07235 2458.000
34.08977 2312.000
34.10718 2420.000
34.12460 2379.000
34.14202 2345.000
34.15944 2292.000
34.17686 2267.000
34.19428 2278.000
34.21170 2251.000
34.22912 2281.000
34.24654 2145.000
34.26396 2170.000
34.28137 2227.000
34.29879 2133.000
34.31621 2246.000
34.33363 2215.000
34.35105 2274.000
34.36847 2268.000
34.38589 2338.000
34.40331 2248.000
34.42073 2355.000
34.43815 2315.000
34.45556 2413.000
34.47298 2353.000
34.49040 2475.000
34.50782 2540.000
34.52524 2617.000
34.54266 2759.000
34.56008 2858.000
34.57750 2985.000
34.59492 2959.000
34.61234 3162.000
34.62975 3030.000
34.64717 3204.000
34.66459 3290.000
34.68201 3174.000
34.69943 3158.000
34.71685 3155.000
34.73427 3028.000
34.75169 3273.000
34.76911 3173.000
34.78653 3229.000
34.80395 3303.000
34.82136 3550.000
34.83878 3616.000
34.85620 3763.000
34.87362 4157.000
34.89104 4366.000
34.90846 4830.000
34.92588 5238.000
34.94330 5738.000
34.96072 6636.000
34.97814 7554.000
34.99555 8453.000
35.01297 9458.000
35.03039 10718.000
35.04781 11526.000
35.06523 12297.000
35.08265 12814.000
35.10007 12625.000
35.11749 12110.000
35.13491 11695.000
35.15233 10824.000
35.16974 9975.000
35.18716 9128.000
35.20458 8125.000
35.22200 7067.000
35.23942 6165.000
35.25684 5307.000
35.27426 4712.000
35.29168 4428.000
35.30910 3915.000
35.32652 3578.000
35.34393 3456.000
35.36135 3164.000
35.37877 2911.000
35.39619 2756.000
35.41361 2672.000
35.43103 2625.000
35.44845 2489.000
35.46587 2380.000
35.48329 2227.000
35.50071 2274.000
35.51812 2172.000
35.53554 2079.000
35.55296 2037.000
35.57038 2053.000
35.58780 2061.000
35.60522 1969.000
35.62264 1924.000
35.64006 1934.000
35.65748 1951.000
35.67490 1965.000
35.69232 1977.000
35.70973 1888.000
35.72715 1808.000
35.74457 1947.000
35.76199 1888.000
35.77941 1872.000
35.79683 1948.000
35.81425 1835.000
35.83167 1838.000
35.84909 1844.000
35.86651 1894.000
35.88392 1807.000
35.90134 1842.000
35.91876 1861.000
35.93618 1823.000
35.95360 1806.000
35.97102 1977.000
35.98844 1889.000
36.00586 1930.000
36.02328 1865.000
36.04070 1910.000
36.05811 1926.000
36.07553 1893.000
36.09295 1941.000
36.11037 1930.000
36.12779 1977.000
36.14521 1864.000
36.16263 2018.000
36.18005 1963.000
36.19747 2087.000
36.21489 1937.000
36.23230 2005.000
36.24972 2134.000
36.26714 2137.000
36.28456 2203.000
36.30198 2283.000
36.31940 2362.000
36.33682 2481.000
36.35424 2484.000
36.37166 2514.000
36.38908 2487.000
36.40650 2587.000
36.42391 2702.000
36.44133 2685.000
36.45875 2704.000
36.47617 2763.000
36.49359 2750.000
36.51101 2798.000
36.52843 2697.000
36.54585 2581.000
36.56327 2571.000
36.58069 2503.000
36.59810 2376.000
36.61552 2320.000
36.63294 2281.000
36.65036 2290.000
36.66778 2329.000
36.68520 2161.000
36.70262 2174.000
36.72004 2210.000
36.73746 2159.000
36.75488 2226.000
36.77229 2162.000
36.78971 2076.000
36.80713 2111.000
36.82455 2238.000
36.84197 2225.000
36.85939 2324.000
36.87681 2285.000
36.89423 2404.000
36.91165 2546.000
36.92907 2634.000
36.94648 2734.000
36.96390 2917.000
36.98132 3033.000
36.99874 3276.000
37.01616 3426.000
37.03358 3621.000
37.05100 3876.000
37.06842 4140.000
37.08584 4425.000
37.10326 4698.000
37.12067 4568.000
37.13809 4803.000
37.15551 4769.000
37.17293 4764.000
37.19035 4683.000
37.20777 4495.000
37.22519 4410.000
37.24261 4074.000
37.26003 3845.000
37.27745 3820.000
37.29487 3736.000
37.31228 3589.000
37.32970 3552.000
37.34712 3707.000
37.36454 3664.000
37.38196 3868.000
37.39938 3965.000
37.41680 4345.000
37.43422 4572.000
37.45164 5063.000
37.46906 5450.000
37.48647 5821.000
37.50389 6456.000
37.52131 6692.000
37.53873 6810.000
37.55615 6926.000
37.57357 6866.000
37.59099 6493.000
37.60841 6275.000
37.62583 5901.000
37.64325 5433.000
37.66066 5104.000
37.67808 4785.000
37.69550 4176.000
37.71292 3832.000
37.73034 3617.000
37.74776 3365.000
37.76518 3071.000
37.78260 2867.000
37.80002 2661.000
37.81744 2576.000
37.83485 2444.000
37.85227 2386.000
37.86969 2271.000
37.88711 2213.000
37.90453 2140.000
37.92195 2128.000
37.93937 2010.000
37.95679 2061.000
37.97421 1959.000
37.99163 1986.000
38.00904 2078.000
38.02646 1903.000
38.04388 1953.000
38.06130 1917.000
38.07872 1861.000
38.09614 1955.000
38.11356 1893.000
38.13098 1840.000
38.14840 1849.000
38.16582 1853.000
38.18324 1769.000
38.20065 1868.000
38.21807 1909.000
38.23549 1805.000
38.25291 1799.000
38.27033 1861.000
38.28775 1759.000
38.30517 1796.000
38.32259 1668.000
38.34001 1686.000
38.35743 1784.000
38.37484 1784.000
38.39226 1743.000
38.40968 1734.000
38.42710 1767.000
38.44452 1748.000
38.46194 1717.000
38.47936 1672.000
38.49678 1593.000
38.51420 1681.000
38.53162 1594.000
38.54903 1677.000
38.56645 1619.000
38.58387 1679.000
38.60129 1606.000
38.61871 1587.000
38.63613 1592.000
38.65355 1592.000
38.67097 1631.000
38.68839 1623.000
38.70581 1616.000
38.72322 1613.000
38.74064 1559.000
38.75806 1644.000
38.77548 1619.000
38.79290 1678.000
38.81032 1654.000
38.82774 1718.000
38.84516 1677.000
38.86258 1724.000
38.88000 1721.000
38.89742 1831.000
38.91483 1823.000
38.93225 1869.000
38.94967 1843.000
38.96709 2038.000
38.98451 1920.000
39.00193 2078.000
39.01935 2077.000
39.03677 2099.000
39.05419 2307.000
39.07161 2265.000
39.08902 2366.000
39.10644 2462.000
39.12386 2452.000
39.14128 2598.000
39.15870 2586.000
39.17612 2572.000
39.19354 2627.000
39.21096 2516.000
39.22838 2428.000
39.24580 2430.000
39.26321 2317.000
39.28063 2266.000
39.29805 2284.000
39.31547 2090.000
39.33289 2105.000
39.35031 2019.000
39.36773 1932.000
39.38515 1923.000
39.40257 1866.000
39.41999 1888.000
39.43740 1739.000
39.45482 1752.000
39.47224 1628.000
39.48966 1620.000
39.50708 1615.000
39.52450 1530.000
39.54192 1548.000
39.55934 1543.000
39.57676 1411.000
39.59418 1522.000
39.61159 1492.000
39.62901 1442.000
39.64643 1455.000
39.66385 1399.000
39.68127 1505.000
39.69869 1429.000
39.71611 1418.000
39.73353 1383.000
39.75095 1418.000
39.76837 1426.000
39.78579 1449.000
39.80320 1385.000
39.82062 1345.000
39.83804 1361.000
39.85546 1405.000
39.87288 1446.000
39.89030 1338.000
39.90772 1379.000
39.92514 1318.000
39.94256 1387.000
39.95998 1388.000
39.97739 1336.000
39.99481 1330.000
40.01223 1386.000
40.02965 1350.000
40.04707 1378.000
40.06449 1382.000
40.08191 1324.000
40.09933 1331.000
40.11675 1329.000
40.13417 1416.000
40.15158 1347.000
40.16900 1381.000
40.18642 1410.000
40.20384 1419.000
40.22126 1376.000
40.23868 1362.000
40.25610 1375.000
40.27352 1429.000
40.29094 1357.000
40.30836 1403.000
40.32577 1375.000
40.34319 1389.000
40.36061 1383.000
40.37803 1426.000
40.39545 1436.000
40.41287 1426.000
40.43029 1452.000
40.44771 1492.000
40.46513 1515.000
40.48255 1539.000
40.49997 1564.000
40.51738 1544.000
40.53480 1636.000
40.55222 1635.000
40.56964 1709.000
40.58706 1847.000
40.60448 1854.000
40.62190 1889.000
40.63932 1977.000
40.65674 2105.000
40.67416 2254.000
40.69157 2323.000
40.70899 2350.000
40.72641 2605.000
40.74383 2626.000
40.76125 2742.000
40.77867 2768.000
40.79609 2789.000
40.81351 2823.000
40.83093 2621.000
40.84835 2524.000
40.86576 2568.000
40.88318 2366.000
40.90060 2352.000
40.91802 2216.000
40.93544 2082.000
40.95286 2062.000
40.97028 1946.000
40.98770 1846.000
41.00512 1687.000
41.02254 1667.000
41.03995 1627.000
41.05737 1609.000
41.07479 1531.000
41.09221 1504.000
41.10963 1458.000
41.12705 1370.000
41.14447 1359.000
41.16189 1376.000
41.17931 1444.000
41.19673 1341.000
41.21414 1347.000
41.23156 1329.000
41.24898 1304.000
41.26640 1286.000
41.28382 1280.000
41.30124 1283.000
41.31866 1226.000
41.33608 1302.000
41.35350 1286.000
41.37092 1348.000
41.38834 1225.000
41.40575 1204.000
41.42317 1244.000
41.44059 1134.000
41.45801 1233.000
41.47543 1209.000
41.49285 1245.000
41.51027 1266.000
41.52769 1267.000
41.54511 1334.000
41.56253 1247.000
41.57994 1239.000
41.59736 1157.000
41.61478 1181.000
41.63220 1170.000
41.64962 1164.000
41.66704 1250.000
41.68446 1265.000
41.70188 1217.000
41.71930 1157.000
41.73672 1245.000
41.75413 1215.000
41.77155 1212.000
41.78897 1169.000
41.80639 1169.000
41.82381 1184.000
41.84123 1208.000
41.85865 1221.000
41.87607 1191.000
41.89349 1183.000
41.91091 1146.000
41.92832 1151.000
41.94574 1195.000
41.96316 1190.000
41.98058 1214.000
41.99800 1165.000
42.01542 1161.000
42.03284 1182.000
42.05026 1203.000
42.06768 1184.000
42.08510 1159.000
42.10251 1157.000
42.11993 1227.000
42.13735 1222.000
42.15477 1145.000
42.17219 1189.000
42.18961 1124.000
42.20703 1186.000
42.22445 1159.000
42.24187 1133.000
42.25929 1205.000
42.27671 1086.000
42.29412 1170.000
42.31154 1104.000
42.32896 1162.000
42.34638 1142.000
42.36380 1097.000
42.38122 1221.000
42.39864 1119.000
42.41606 1146.000
42.43348 1176.000
42.45090 1094.000
42.46831 1227.000
42.48573 1211.000
42.50315 1152.000
42.52057 1235.000
42.53799 1158.000
42.55541 1222.000
42.57283 1157.000
42.59025 1155.000
42.60767 1174.000
42.62509 1140.000
42.64250 1149.000
42.65992 1151.000
42.67734 1214.000
42.69476 1163.000
42.71218 1150.000
42.72960 1176.000
42.74702 1146.000
42.76444 1169.000
42.78186 1097.000
42.79928 1147.000
42.81669 1158.000
42.83411 1170.000
42.85153 1145.000
42.86895 1109.000
42.88637 1134.000
42.90379 1115.000
42.92121 1177.000
42.93863 1151.000
42.95605 1145.000
42.97347 1184.000
42.99089 1117.000
43.00830 1119.000
43.02572 1180.000
43.04314 1181.000
43.06056 1154.000
43.07798 1198.000
43.09540 1119.000
43.11282 1120.000
43.13024 1149.000
43.14766 1177.000
43.16508 1193.000
43.18249 1141.000
43.19991 1144.000
43.21733 1127.000
43.23475 1189.000
43.25217 1158.000
43.26959 1054.000
43.28701 1101.000
43.30443 1081.000
43.32185 1109.000
43.33927 1178.000
43.35668 1154.000
43.37410 1135.000
43.39152 1120.000
43.40894 1121.000
43.42636 1225.000
43.44378 1149.000
43.46120 1148.000
43.47862 1208.000
43.49604 1103.000
43.51346 1170.000
43.53087 1131.000
43.54829 1134.000
43.56571 1151.000
43.58313 1115.000
43.60055 1207.000
43.61797 1164.000
43.63539 1152.000
43.65281 1165.000
43.67023 1134.000
43.68765 1290.000
43.70506 1207.000
43.72248 1247.000
43.73990 1195.000
43.75732 1231.000
43.77474 1224.000
43.79216 1254.000
43.80958 1284.000
43.82700 1313.000
43.84442 1274.000
43.86184 1314.000
43.87926 1327.000
43.89667 1396.000
43.91409 1419.000
43.93151 1561.000
43.94893 1613.000
43.96635 1629.000
43.98377 1715.000
44.00119 1889.000
44.01861 1948.000
44.03603 1994.000
44.05345 1989.000
44.07086 1917.000
44.08828 1837.000
44.10570 1819.000
44.12312 1793.000
44.14054 1826.000
44.15796 1690.000
44.17538 1710.000
44.19280 1562.000
44.21022 1557.000
44.22764 1473.000
44.24505 1521.000
44.26247 1447.000
44.27989 1397.000
44.29731 1333.000
44.31473 1439.000
44.33215 1375.000
44.34957 1387.000
44.36699 1411.000
44.38441 1414.000
44.40183 1386.000
44.41924 1481.000
44.43666 1548.000
44.45408 1505.000
44.47150 1517.000
44.48892 1483.000
44.50634 1561.000
44.52376 1503.000
44.54118 1669.000
44.55860 1670.000
44.57602 1624.000
44.59343 1646.000
44.61085 1678.000
44.62827 1643.000
44.64569 1699.000
44.66311 1792.000
44.68053 1665.000
44.69795 1663.000
44.71537 1603.000
44.73279 1703.000
44.75021 1711.000
44.76763 1607.000
44.78504 1605.000
44.80246 1590.000
44.81988 1520.000
44.83730 1582.000
44.85472 1480.000
44.87214 1527.000
44.88956 1449.000
44.90698 1377.000
44.92440 1450.000
44.94182 1469.000
44.95923 1439.000
44.97665 1440.000
44.99407 1405.000
45.01149 1411.000
45.02891 1427.000
45.04633 1376.000
45.06375 1404.000
45.08117 1308.000
45.09859 1361.000
45.11601 1431.000
45.13342 1397.000
45.15084 1417.000
45.16826 1402.000
45.18568 1400.000
45.20310 1389.000
45.22052 1454.000
45.23794 1414.000
45.25536 1436.000
45.27278 1432.000
45.29020 1383.000
45.30761 1507.000
45.32503 1437.000
45.34245 1441.000
45.35987 1518.000
45.37729 1508.000
45.39471 1482.000
45.41213 1578.000
45.42955 1549.000
45.44697 1639.000
45.46439 1570.000
45.48181 1653.000
45.49922 1690.000
45.51664 1747.000
45.53406 1749.000
45.55148 1851.000
45.56890 1921.000
45.58632 2003.000
45.60374 1981.000
45.62116 2212.000
45.63858 2256.000
45.65600 2406.000
45.67341 2485.000
45.69083 2562.000
45.70825 2635.000
45.72567 2705.000
45.74309 2778.000
45.76051 2846.000
45.77793 2902.000
45.79535 3091.000
45.81277 3192.000
45.83019 3263.000
45.84760 3402.000
45.86502 3421.000
45.88244 3410.000
45.89986 3596.000
45.91728 3504.000
45.93470 3512.000
45.95212 3425.000
45.96954 3428.000
45.98696 3230.000
46.00438 3112.000
46.02179 3015.000
46.03921 2697.000
46.05663 2780.000
46.07405 2586.000
46.09147 2445.000
46.10889 2342.000
46.12631 2191.000
46.14373 2038.000
46.16115 1969.000
46.17857 1923.000
46.19598 1820.000
46.21340 1785.000
46.23082 1551.000
46.24824 1628.000
46.26566 1530.000
46.28308 1544.000
46.30050 1486.000
46.31792 1487.000
46.33534 1546.000
46.35276 1422.000
46.37018 1476.000
46.38759 1408.000
46.40501 1407.000
46.42243 1356.000
46.43985 1365.000
46.45727 1390.000
46.47469 1317.000
46.49211 1345.000
46.50953 1287.000
46.52695 1307.000
46.54437 1353.000
46.56178 1326.000
46.57920 1329.000
46.59662 1282.000
46.61404 1318.000
46.63146 1355.000
46.64888 1306.000
46.66630 1210.000
46.68372 1305.000
46.70114 1323.000
46.71856 1255.000
46.73597 1371.000
46.75339 1229.000
46.77081 1304.000
46.78823 1255.000
46.80565 1343.000
46.82307 1322.000
46.84049 1271.000
46.85791 1265.000
46.87533 1283.000
46.89275 1235.000
46.91016 1247.000
46.92758 1326.000
46.94500 1304.000
46.96242 1316.000
46.97984 1269.000
46.99726 1229.000
47.01468 1235.000
47.03210 1296.000
47.04952 1243.000
47.06694 1295.000
47.08435 1269.000
47.10177 1309.000
47.11919 1344.000
47.13661 1337.000
47.15403 1364.000
47.17145 1326.000
47.18887 1342.000
47.20629 1362.000
47.22371 1379.000
47.24113 1389.000
47.25855 1390.000
47.27596 1475.000
47.29338 1466.000
47.31080 1435.000
47.32822 1459.000
47.34564 1466.000
47.36306 1585.000
47.38048 1615.000
47.39790 1603.000
47.41532 1674.000
47.43274 1715.000
47.45015 1627.000
47.46757 1807.000
47.48499 1817.000
47.50241 1914.000
47.51983 1933.000
47.53725 2080.000
47.55467 2126.000
47.57209 2092.000
47.58951 2230.000
47.60693 2219.000
47.62434 2333.000
47.64176 2376.000
47.65918 2458.000
47.67660 2464.000
47.69402 2599.000
47.71144 2537.000
47.72886 2579.000
47.74628 2445.000
47.76370 2593.000
47.78112 2479.000
47.79853 2348.000
47.81595 2438.000
47.83337 2274.000
47.85079 2194.000
47.86821 2135.000
47.88563 2023.000
47.90305 1927.000
47.92047 2006.000
47.93789 1844.000
47.95531 1865.000
47.97273 1769.000
47.99014 1786.000
48.00756 1715.000
48.02498 1621.000
48.04240 1619.000
48.05982 1578.000
48.07724 1553.000
48.09466 1536.000
48.11208 1593.000
48.12950 1589.000
48.14692 1505.000
48.16433 1492.000
48.18175 1523.000
48.19917 1500.000
48.21659 1393.000
48.23401 1436.000
48.25143 1378.000
48.26885 1365.000
48.28627 1421.000
48.30369 1454.000
48.32111 1453.000
48.33852 1456.000
48.35594 1476.000
48.37336 1417.000
48.39078 1475.000
48.40820 1433.000
48.42562 1459.000
48.44304 1424.000
48.46046 1496.000
48.47788 1568.000
48.49530 1546.000
48.51271 1465.000
48.53013 1624.000
48.54755 1602.000
48.56497 1657.000
48.58239 1673.000
48.59981 1731.000
48.61723 1773.000
48.63465 1775.000
48.65207 1800.000
48.66949 1937.000
48.68690 1899.000
48.70432 1966.000
48.72174 2147.000
48.73916 2141.000
48.75658 2212.000
48.77400 2387.000
48.79142 2480.000
48.80884 2560.000
48.82626 2694.000
48.84368 2770.000
48.86110 2986.000
48.87851 3135.000
48.89593 3347.000
48.91335 3620.000
48.93077 3819.000
48.94819 4186.000
48.96561 4451.000
48.98303 4587.000
49.00045 4856.000
49.01787 4982.000
49.03529 5143.000
49.05270 5121.000
49.07012 5136.000
49.08754 5112.000
49.10496 5011.000
49.12238 4914.000
49.13980 4678.000
49.15722 4497.000
49.17464 4366.000
49.19206 4157.000
49.20948 3787.000
49.22689 3558.000
49.24431 3505.000
49.26173 3197.000
49.27915 3075.000
49.29657 2924.000
49.31399 2788.000
49.33141 2606.000
49.34883 2459.000
49.36625 2355.000
49.38367 2248.000
49.40108 2238.000
49.41850 2100.000
49.43592 2072.000
49.45334 1973.000
49.47076 1878.000
49.48818 1862.000
49.50560 1900.000
49.52302 1832.000
49.54044 1806.000
49.55786 1821.000
49.57527 1737.000
49.59269 1724.000
49.61011 1806.000
49.62753 1660.000
49.64495 1701.000
49.66237 1717.000
49.67979 1732.000
49.69721 1645.000
49.71463 1678.000
49.73205 1701.000
49.74947 1704.000
49.76688 1659.000
49.78430 1664.000
49.80172 1710.000
49.81914 1728.000
49.83656 1661.000
49.85398 1821.000
49.87140 1769.000
49.88882 1888.000
49.90624 1846.000
49.92366 1869.000
49.94107 1946.000
49.95849 2047.000
49.97591 2044.000
49.99333 2000.000
50.01075 2286.000
50.02817 2169.000
50.04559 2295.000
50.06301 2445.000
50.08043 2577.000
50.09785 2615.000
50.11526 2787.000
50.13268 3049.000
50.15010 3232.000
50.16752 3364.000
50.18494 3690.000
50.20236 3961.000
50.21978 4272.000
50.23720 4725.000
50.25462 5118.000
50.27204 5552.000
50.28945 5879.000
50.30687 6455.000
50.32429 6755.000
50.34171 7251.000
50.35913 7667.000
50.37655 7934.000
50.39397 7882.000
50.41139 7899.000
50.42881 7562.000
50.44623 7263.000
50.46365 6921.000
50.48106 6535.000
50.49848 6377.000
50.51590 5906.000
50.53332 5479.000
50.55074 5095.000
50.56816 4905.000
50.58558 4438.000
50.60300 4092.000
50.62042 3825.000
50.63784 3561.000
50.65525 3223.000
50.67267 3003.000
50.69009 2915.000
50.70751 2717.000
50.72493 2560.000
50.74235 2441.000
50.75977 2433.000
50.77719 2282.000
50.79461 2146.000
50.81203 2087.000
50.82944 2116.000
50.84686 1916.000
50.86428 1958.000
50.88170 1896.000
50.89912 1872.000
50.91654 1818.000
50.93396 1712.000
50.95138 1772.000
50.96880 1765.000
50.98622 1753.000
51.00363 1726.000
51.02105 1591.000
51.03847 1624.000
51.05589 1612.000
51.07331 1633.000
51.09073 1530.000
51.10815 1526.000
51.12557 1563.000
51.14299 1544.000
51.16041 1507.000
51.17782 1525.000
51.19524 1515.000
51.21266 1579.000
51.23008 1515.000
51.24750 1466.000
51.26492 1515.000
51.28234 1523.000
51.29976 1456.000
51.31718 1427.000
51.33460 1447.000
51.35202 1579.000
51.36943 1469.000
51.38685 1464.000
51.40427 1394.000
51.42169 1426.000
51.43911 1482.000
51.45653 1439.000
51.47395 1438.000
51.49137 1474.000
51.50879 1483.000
51.52621 1559.000
51.54362 1521.000
51.56104 1500.000
51.57846 1477.000
51.59588 1601.000
51.61330 1531.000
51.63072 1670.000
51.64814 1716.000
51.66556 1752.000
51.68298 1749.000
51.70040 1892.000
51.71781 1957.000
51.73523 1937.000
51.75265 2104.000
51.77007 2131.000
51.78749 1971.000
51.80491 1942.000
51.82233 1874.000
51.83975 1792.000
51.85717 1853.000
51.87459 1825.000
51.89200 1703.000
51.90942 1781.000
51.92684 1792.000
51.94426 1663.000
51.96168 1543.000
51.97910 1532.000
51.99652 1485.000
52.01394 1398.000
52.03136 1362.000
52.04878 1399.000
52.06620 1330.000
52.08361 1409.000
52.10103 1302.000
52.11845 1331.000
52.13587 1315.000
52.15329 1398.000
52.17071 1269.000
52.18813 1253.000
52.20555 1269.000
52.22297 1262.000
52.24039 1318.000
52.25780 1234.000
52.27522 1351.000
52.29264 1226.000
52.31006 1315.000
52.32748 1205.000
52.34490 1285.000
52.36232 1263.000
52.37974 1240.000
52.39716 1228.000
52.41458 1189.000
52.43199 1218.000
52.44941 1274.000
52.46683 1284.000
52.48425 1224.000
52.50167 1197.000
52.51909 1230.000
52.53651 1218.000
52.55393 1244.000
52.57135 1221.000
52.58877 1273.000
52.60618 1191.000
52.62360 1216.000
52.64102 1202.000
52.65844 1235.000
52.67586 1225.000
52.69328 1199.000
52.71070 1161.000
52.72812 1222.000
52.74554 1151.000
52.76296 1156.000
52.78037 1223.000
52.79779 1196.000
52.81521 1225.000
52.83263 1246.000
52.85005 1209.000
52.86747 1162.000
52.88489 1209.000
52.90231 1130.000
52.91973 1176.000
52.93715 1185.000
52.95457 1218.000
52.97198 1173.000
52.98940 1157.000
53.00682 1168.000
53.02424 1184.000
53.04166 1199.000
53.05908 1101.000
53.07650 1211.000
53.09392 1127.000
53.11134 1163.000
53.12876 1207.000
53.14617 1152.000
53.16359 1181.000
53.18101 1131.000
53.19843 1163.000
53.21585 1157.000
53.23327 1120.000
53.25069 1133.000
53.26811 1206.000
53.28553 1147.000
53.30295 1133.000
53.32036 1168.000
53.33778 1184.000
53.35520 1184.000
53.37262 1152.000
53.39004 1169.000
53.40746 1184.000
53.42488 1112.000
53.44230 1228.000
53.45972 1204.000
53.47714 1192.000
53.49455 1159.000
53.51197 1177.000
53.52939 1204.000
53.54681 1243.000
53.56423 1175.000
53.58165 1183.000
53.59907 1218.000
53.61649 1250.000
53.63391 1221.000
53.65133 1197.000
53.66874 1216.000
53.68616 1170.000
53.70358 1225.000
53.72100 1190.000
53.73842 1208.000
53.75584 1242.000
53.77326 1191.000
53.79068 1151.000
53.80810 1209.000
53.82552 1173.000
53.84294 1233.000
53.86035 1194.000
53.87777 1202.000
53.89519 1240.000
53.91261 1209.000
53.93003 1189.000
53.94745 1183.000
53.96487 1212.000
53.98229 1208.000
53.99971 1190.000
54.01713 1181.000
54.03454 1232.000
54.05196 1187.000
54.06938 1221.000
54.08680 1215.000
54.10422 1248.000
54.12164 1253.000
54.13906 1200.000
54.15648 1233.000
54.17390 1185.000
54.19132 1186.000
54.20873 1219.000
54.22615 1228.000
54.24357 1141.000
54.26099 1230.000
54.27841 1173.000
54.29583 1193.000
54.31325 1237.000
54.33067 1150.000
54.34809 1243.000
54.36551 1195.000
54.38292 1248.000
54.40034 1207.000
54.41776 1185.000
54.43518 1196.000
54.45260 1277.000
54.47002 1232.000
54.48744 1220.000
54.50486 1205.000
54.52228 1251.000
54.53970 1194.000
54.55712 1277.000
54.57453 1300.000
54.59195 1219.000
54.60937 1258.000
54.62679 1150.000
54.64421 1217.000
54.66163 1207.000
54.67905 1281.000
54.69647 1183.000
54.71389 1206.000
54.73131 1256.000
54.74872 1230.000
54.76614 1242.000
54.78356 1212.000
54.80098 1158.000
54.81840 1218.000
54.83582 1158.000
54.85324 1195.000
54.87066 1163.000
54.88808 1152.000
54.90550 1256.000
54.92291 1151.000
54.94033 1202.000
54.95775 1229.000
54.97517 1212.000
54.99259 1306.000
55.01001 1207.000
55.02743 1162.000
55.04485 1096.000
55.06227 1177.000
55.07969 1220.000
55.09710 1200.000
55.11452 1229.000
55.13194 1187.000
55.14936 1218.000
55.16678 1186.000
55.18420 1169.000
55.20162 1212.000
55.21904 1246.000
55.23646 1210.000
55.25388 1180.000
55.27129 1181.000
55.28871 1193.000
55.30613 1186.000
55.32355 1170.000
55.34097 1211.000
55.35839 1195.000
55.37581 1217.000
55.39323 1199.000
55.41065 1238.000
55.42807 1183.000
55.44549 1295.000
55.46290 1221.000
55.48032 1252.000
55.49774 1188.000
55.51516 1197.000
55.53258 1240.000
55.55000 1252.000
55.56742 1224.000
55.58484 1254.000
55.60226 1187.000
55.61968 1240.000
55.63709 1233.000
55.65451 1275.000
55.67193 1324.000
55.68935 1261.000
55.70677 1242.000
55.72419 1293.000
55.74161 1348.000
55.75903 1360.000
55.77645 1343.000
55.79387 1350.000
55.81128 1369.000
55.82870 1457.000
55.84612 1441.000
55.86354 1437.000
55.88096 1472.000
55.89838 1571.000
55.91580 1476.000
55.93322 1750.000
55.95064 1701.000
55.96806 1821.000
55.98547 1807.000
56.00289 1931.000
56.02031 2022.000
56.03773 2047.000
56.05515 2192.000
56.07257 2130.000
56.08999 2195.000
56.10741 2251.000
56.12483 2280.000
56.14225 2176.000
56.15966 2072.000
56.17708 2058.000
56.19450 2070.000
56.21192 2032.000
56.22934 2056.000
56.24676 1965.000
56.26418 2056.000
56.28160 2016.000
56.29902 1971.000
56.31644 1867.000
56.33386 1932.000
56.35127 1847.000
56.36869 1784.000
56.38611 1845.000
56.40353 1827.000
56.42095 1786.000
56.43837 1780.000
56.45579 1758.000
56.47321 1752.000
56.49063 1887.000
56.50805 1822.000
56.52546 1701.000
56.54288 1660.000
56.56030 1832.000
56.57772 1744.000
56.59514 1788.000
56.61256 1732.000
56.62998 1807.000
56.64740 1668.000
56.66482 1711.000
56.68224 1637.000
56.69965 1738.000
56.71707 1665.000
56.73449 1690.000
56.75191 1735.000
56.76933 1740.000
56.78675 1608.000
56.80417 1698.000
56.82159 1628.000
56.83901 1668.000
56.85643 1649.000
56.87384 1686.000
56.89126 1625.000
56.90868 1630.000
56.92610 1610.000
56.94352 1568.000
56.96094 1527.000
56.97836 1592.000
56.99578 1449.000
57.01320 1490.000
57.03062 1515.000
57.04804 1441.000
57.06545 1472.000
57.08287 1500.000
57.10029 1419.000
57.11771 1393.000
57.13513 1471.000
57.15255 1389.000
57.16997 1457.000
57.18739 1472.000
57.20481 1446.000
57.22223 1410.000
57.23964 1451.000
57.25706 1439.000
57.27448 1408.000
57.29190 1470.000
57.30932 1551.000
57.32674 1552.000
57.34416 1562.000
57.36158 1629.000
57.37900 1633.000
57.39642 1631.000
57.41383 1702.000
57.43125 1722.000
57.44867 1720.000
57.46609 1764.000
57.48351 1805.000
57.50093 1905.000
57.51835 1901.000
57.53577 1890.000
57.55319 2023.000
57.57061 2115.000
57.58802 2085.000
57.60544 2044.000
57.62286 2025.000
57.64028 2082.000
57.65770 2021.000
57.67512 1956.000
57.69254 1949.000
57.70996 1968.000
57.72738 1936.000
57.74480 1786.000
57.76221 1795.000
57.77963 1793.000
57.79705 1708.000
57.81447 1747.000
57.83189 1650.000
57.84931 1617.000
57.86673 1615.000
57.88415 1569.000
57.90157 1578.000
57.91899 1514.000
57.93641 1546.000
57.95382 1494.000
57.97124 1508.000
57.98866 1484.000
58.00608 1599.000
58.02350 1534.000
58.04092 1516.000
58.05834 1557.000
58.07576 1514.000
58.09318 1597.000
58.11060 1613.000
58.12801 1571.000
58.14543 1560.000
58.16285 1619.000
58.18027 1628.000
58.19769 1645.000
58.21511 1613.000
58.23253 1701.000
58.24995 1757.000
58.26737 1767.000
58.28479 1838.000
58.30220 1847.000
58.31962 1950.000
58.33704 1963.000
58.35446 2120.000
58.37188 2091.000
58.38930 2337.000
58.40672 2394.000
58.42414 2554.000
58.44156 2649.000
58.45898 2819.000
58.47639 3002.000
58.49381 3154.000
58.51123 3465.000
58.52865 3842.000
58.54607 4282.000
58.56349 4715.000
58.58091 5353.000
58.59833 6015.000
58.61575 6715.000
58.63317 7826.000
58.65058 8760.000
58.66800 9390.000
58.68542 9863.000
58.70284 9836.000
58.72026 9435.000
58.73768 8968.000
58.75510 8429.000
58.77252 8271.000
58.78994 7993.000
58.80736 7808.000
58.82478 8091.000
58.84219 7694.000
58.85961 7616.000
58.87703 7113.000
58.89445 6849.000
58.91187 6385.000
58.92929 6032.000
58.94671 5907.000
58.96413 5752.000
58.98155 5540.000
58.99897 5450.000
59.01638 5522.000
59.03380 5470.000
59.05122 5573.000
59.06864 5680.000
59.08606 5481.000
59.10348 5533.000
59.12090 5692.000
59.13832 5623.000
59.15574 5479.000
59.17316 5322.000
59.19057 5228.000
59.20799 5175.000
59.22541 5016.000
59.24283 4794.000
59.26025 4592.000
59.27767 4526.000
59.29509 4363.000
59.31251 4141.000
59.32993 4031.000
59.34735 3736.000
59.36476 3647.000
59.38218 3362.000
59.39960 3261.000
59.41702 3177.000
59.43444 2916.000
59.45186 2870.000
59.46928 2801.000
59.48670 2698.000
59.50412 2538.000
59.52154 2577.000
59.53896 2466.000
59.55637 2339.000
59.57379 2440.000
59.59121 2317.000
59.60863 2263.000
59.62605 2222.000
59.64347 2284.000
59.66089 2264.000
59.67831 2206.000
59.69573 2270.000
59.71315 2263.000
59.73056 2418.000
59.74798 2255.000
59.76540 2365.000
59.78282 2302.000
59.80024 2388.000
59.81766 2419.000
59.83508 2463.000
59.85250 2511.000
59.86992 2730.000
59.88734 2838.000
59.90475 3101.000
59.92217 3223.000
59.93959 3528.000
59.95701 3670.000
59.97443 3937.000
59.99185 4324.000
60.00927 4633.000
60.02669 4668.000
60.04411 4809.000
60.06153 4657.000
60.07894 4527.000
60.09636 4402.000
60.11378 4079.000
60.13120 3996.000
60.14862 3911.000
60.16604 3794.000
60.18346 3665.000
60.20088 3583.000
60.21830 3455.000
60.23572 3256.000
60.25313 2984.000
60.27055 2773.000
60.28797 2539.000
60.30539 2358.000
60.32281 2251.000
60.34023 2190.000
60.35765 1986.000
60.37507 1913.000
60.39249 1895.000
60.40991 1799.000
60.42733 1714.000
60.44474 1814.000
60.46216 1730.000
60.47958 1716.000
60.49700 1628.000
60.51442 1539.000
60.53184 1633.000
60.54926 1590.000
60.56668 1536.000
60.58410 1556.000
60.60152 1555.000
60.61893 1498.000
60.63635 1531.000
60.65377 1505.000
60.67119 1460.000
60.68861 1490.000
60.70603 1517.000
60.72345 1535.000
60.74087 1377.000
60.75829 1432.000
60.77571 1445.000
60.79312 1405.000
60.81054 1431.000
60.82796 1487.000
60.84538 1409.000
60.86280 1399.000
60.88022 1431.000
60.89764 1295.000
60.91506 1382.000
60.93248 1345.000
60.94990 1325.000
60.96731 1408.000
60.98473 1419.000
61.00215 1354.000
61.01957 1366.000
61.03699 1324.000
61.05441 1335.000
61.07183 1336.000
61.08925 1298.000
61.10667 1289.000
61.12409 1389.000
61.14151 1321.000
61.15892 1302.000
61.17634 1295.000
61.19376 1363.000
61.21118 1299.000
61.22860 1341.000
61.24602 1367.000
61.26344 1367.000
61.28086 1332.000
61.29828 1378.000
61.31570 1320.000
61.33311 1456.000
61.35053 1424.000
61.36795 1370.000
61.38537 1336.000
61.40279 1403.000
61.42021 1369.000
61.43763 1303.000
61.45505 1376.000
61.47247 1396.000
61.48989 1326.000
61.50730 1331.000
61.52472 1373.000
61.54214 1350.000
61.55956 1330.000
61.57698 1298.000
61.59440 1264.000
61.61182 1353.000
61.62924 1305.000
61.64666 1328.000
61.66408 1345.000
61.68149 1278.000
61.69891 1298.000
61.71633 1266.000
61.73375 1274.000
61.75117 1245.000
61.76859 1272.000
61.78601 1299.000
61.80343 1245.000
61.82085 1251.000
61.83827 1255.000
61.85568 1279.000
61.87310 1276.000
61.89052 1192.000
61.90794 1200.000
61.92536 1286.000
61.94278 1264.000
61.96020 1292.000
61.97762 1259.000
61.99504 1279.000
62.01246 1258.000
62.02988 1255.000
62.04729 1247.000
62.06471 1270.000
62.08213 1260.000
62.09955 1286.000
62.11697 1245.000
62.13439 1265.000
62.15181 1278.000
62.16923 1254.000
62.18665 1320.000
62.20407 1237.000
62.22148 1285.000
62.23890 1268.000
62.25632 1242.000
62.27374 1223.000
62.29116 1253.000
62.30858 1261.000
62.32600 1201.000
62.34342 1241.000
62.36084 1231.000
62.37826 1272.000
62.39567 1306.000
62.41309 1205.000
62.43051 1264.000
62.44793 1287.000
62.46535 1370.000
62.48277 1281.000
62.50019 1344.000
62.51761 1396.000
62.53503 1400.000
62.55245 1462.000
62.56986 1490.000
62.58728 1427.000
62.60470 1531.000
62.62212 1551.000
62.63954 1667.000
62.65696 1643.000
62.67438 1676.000
62.69180 1607.000
62.70922 1720.000
62.72664 1708.000
62.74405 1753.000
62.76147 1772.000
62.77889 1833.000
62.79631 1885.000
62.81373 1915.000
62.83115 1843.000
62.84857 1854.000
62.86599 1931.000
62.88341 1875.000
62.90083 1801.000
62.91825 1893.000
62.93566 1797.000
62.95308 1721.000
62.97050 1796.000
62.98792 1760.000
63.00534 1774.000
63.02276 1768.000
63.04018 1600.000
63.05760 1644.000
63.07502 1612.000
63.09244 1598.000
63.10985 1492.000
63.12727 1441.000
63.14469 1478.000
63.16211 1403.000
63.17953 1366.000
63.19695 1384.000
63.21437 1346.000
63.23179 1384.000
63.24921 1360.000
63.26663 1269.000
63.28404 1260.000
63.30146 1262.000
63.31888 1251.000
63.33630 1291.000
63.35372 1197.000
63.37114 1183.000
63.38856 1181.000
63.40598 1168.000
63.42340 1183.000
63.44082 1134.000
63.45823 1216.000
63.47565 1132.000
63.49307 1144.000
63.51049 1129.000
63.52791 1181.000
63.54533 1166.000
63.56275 1110.000
63.58017 1202.000
63.59759 1136.000
63.61501 1210.000
63.63243 1152.000
63.64984 1135.000
63.66726 1153.000
63.68468 1199.000
63.70210 1170.000
63.71952 1168.000
63.73694 1135.000
63.75436 1136.000
63.77178 1195.000
63.78920 1155.000
63.80662 1155.000
63.82403 1177.000
63.84145 1217.000
63.85887 1223.000
63.87629 1231.000
63.89371 1348.000
63.91113 1264.000
63.92855 1285.000
63.94597 1321.000
63.96339 1376.000
63.98081 1415.000
63.99822 1371.000
64.01564 1327.000
64.03306 1432.000
64.05048 1318.000
64.06790 1332.000
64.08532 1289.000
64.10274 1333.000
64.12016 1393.000
64.13758 1293.000
64.15500 1266.000
64.17241 1281.000
64.18983 1284.000
64.20725 1294.000
64.22467 1261.000
64.24209 1221.000
64.25951 1216.000
64.27693 1207.000
64.29435 1162.000
64.31177 1141.000
64.32919 1196.000
64.34660 1143.000
64.36402 1185.000
64.38144 1200.000
64.39886 1181.000
64.41628 1165.000
64.43370 1175.000
64.45112 1151.000
64.46854 1232.000
64.48596 1184.000
64.50338 1167.000
64.52080 1238.000
64.53821 1187.000
64.55563 1217.000
64.57305 1152.000
64.59047 1176.000
64.60789 1223.000
64.62531 1229.000
64.64273 1216.000
64.66015 1221.000
64.67757 1245.000
64.69499 1292.000
64.71240 1274.000
64.72982 1178.000
64.74724 1239.000
64.76466 1151.000
64.78208 1158.000
64.79950 1187.000
64.81692 1310.000
64.83434 1171.000
64.85176 1199.000
64.86918 1210.000
64.88659 1202.000
64.90401 1169.000
64.92143 1173.000
64.93885 1180.000
64.95627 1189.000
64.97369 1091.000
64.99111 1156.000
65.00853 1127.000
65.02595 1115.000
65.04337 1025.000
65.06078 1103.000
65.07820 1069.000
65.09562 1028.000
65.11304 1074.000
65.13046 1078.000
65.14788 1107.000
65.16530 1113.000
65.18272 1020.000
65.20014 1102.000
65.21756 1065.000
65.23497 1083.000
65.25239 1067.000
65.26981 1064.000
65.28723 1038.000
65.30465 1067.000
65.32207 1025.000
65.33949 1058.000
65.35691 1028.000
65.37433 1069.000
65.39175 1021.000
65.40917 1091.000
65.42658 1052.000
65.44400 1102.000
65.46142 978.000
65.47884 1100.000
65.49626 1049.000
65.51368 1060.000
65.53110 996.000
65.54852 982.000
65.56594 1048.000
65.58336 1003.000
65.60077 1080.000
65.61819 1027.000
65.63561 1080.000
65.65303 1036.000
65.67045 1064.000
65.68787 1045.000
65.70529 1054.000
65.72271 1084.000
65.74013 1043.000
65.75755 1036.000
65.77496 1135.000
65.79238 1074.000
65.80980 1119.000
65.82722 987.000
65.84464 1068.000
65.86206 1075.000
65.87948 1083.000
65.89690 1065.000
65.91432 1127.000
65.93174 1082.000
65.94915 1132.000
65.96657 1158.000
65.98399 1144.000
66.00141 1164.000
66.01883 1222.000
66.03625 1133.000
66.05367 1183.000
66.07109 1170.000
66.08851 1212.000
66.10593 1208.000
66.12335 1299.000
66.14076 1283.000
66.15818 1372.000
66.17560 1337.000
66.19302 1433.000
66.21044 1398.000
66.22786 1477.000
66.24528 1527.000
66.26270 1558.000
66.28012 1573.000
66.29754 1714.000
66.31495 1728.000
66.33237 1898.000
66.34979 1954.000
66.36721 2098.000
66.38463 2230.000
66.40205 2346.000
66.41947 2585.000
66.43689 2693.000
66.45431 2840.000
66.47173 2887.000
66.48914 3001.000
66.50656 2937.000
66.52398 2978.000
66.54140 2936.000
66.55882 2910.000
66.57624 2694.000
66.59366 2666.000
66.61108 2636.000
66.62850 2603.000
66.64592 2527.000
66.66333 2434.000
66.68075 2431.000
66.69817 2384.000
66.71559 2290.000
66.73301 2168.000
66.75043 2167.000
66.76785 1952.000
66.78527 1852.000
66.80269 1759.000
66.82011 1691.000
66.83752 1560.000
66.85494 1586.000
66.87236 1538.000
66.88978 1422.000
66.90720 1416.000
66.92462 1340.000
66.94204 1363.000
66.95946 1394.000
66.97688 1353.000
66.99430 1293.000
67.01172 1308.000
67.02913 1222.000
67.04655 1202.000
67.06397 1252.000
67.08139 1229.000
67.09881 1180.000
67.11623 1171.000
67.13365 1096.000
67.15107 1122.000
67.16849 1150.000
67.18591 1189.000
67.20332 1140.000
67.22074 1146.000
67.23816 1083.000
67.25558 1090.000
67.27300 1086.000
67.29042 1066.000
67.30784 1095.000
67.32526 1104.000
67.34268 1111.000
67.36010 1054.000
67.37751 1090.000
67.39493 1042.000
67.41235 971.000
67.42977 1107.000
67.44719 1115.000
67.46461 1070.000
67.48203 1081.000
67.49945 1090.000
67.51687 1001.000
67.53429 1065.000
67.55170 1125.000
67.56912 1057.000
67.58654 1023.000
67.60396 1125.000
67.62138 1032.000
67.63880 1103.000
67.65622 1096.000
67.67364 1116.000
67.69106 1044.000
67.70848 1111.000
67.72589 1154.000
67.74331 1149.000
67.76073 1059.000
67.77815 1096.000
67.79557 1100.000
67.81299 1121.000
67.83041 1237.000
67.84783 1131.000
67.86525 1158.000
67.88267 1177.000
67.90009 1200.000
67.91750 1234.000
67.93492 1185.000
67.95234 1232.000
67.96976 1232.000
67.98718 1194.000
68.00460 1260.000
68.02202 1333.000
68.03944 1285.000
68.05686 1251.000
68.07428 1288.000
68.09169 1324.000
68.10911 1299.000
68.12653 1294.000
68.14395 1285.000
68.16137 1413.000
68.17879 1314.000
68.19621 1326.000
68.21363 1260.000
68.23105 1312.000
68.24847 1308.000
68.26588 1275.000
68.28330 1329.000
68.30072 1298.000
68.31814 1246.000
68.33556 1323.000
68.35298 1286.000
68.37040 1294.000
68.38782 1240.000
68.40524 1242.000
68.42266 1176.000
68.44007 1281.000
68.45749 1204.000
68.47491 1237.000
68.49233 1238.000
68.50975 1277.000
68.52717 1179.000
68.54459 1211.000
68.56201 1203.000
68.57943 1190.000
68.59685 1254.000
68.61427 1268.000
68.63168 1298.000
68.64910 1260.000
68.66652 1339.000
68.68394 1310.000
68.70136 1398.000
68.71878 1443.000
68.73620 1572.000
68.75362 1588.000
68.77104 1692.000
68.78846 1860.000
68.80587 1883.000
68.82329 2024.000
68.84071 2164.000
68.85813 2221.000
68.87555 2281.000
68.89297 2280.000
68.91039 2198.000
68.92781 2156.000
68.94523 2057.000
68.96265 1934.000
68.98006 2021.000
68.99748 1873.000
69.01490 1810.000
69.03232 1928.000
69.04974 1943.000
69.06716 1826.000
69.08458 1849.000
69.10200 1805.000
69.11942 1741.000
69.13684 1638.000
69.15425 1610.000
69.17167 1491.000
69.18909 1461.000
69.20651 1335.000
69.22393 1416.000
69.24135 1382.000
69.25877 1347.000
69.27619 1340.000
69.29361 1330.000
69.31103 1340.000
69.32844 1284.000
69.34586 1219.000
69.36328 1296.000
69.38070 1300.000
69.39812 1285.000
69.41554 1272.000
69.43296 1225.000
69.45038 1247.000
69.46780 1208.000
69.48522 1210.000
69.50264 1207.000
69.52005 1227.000
69.53747 1187.000
69.55489 1209.000
69.57231 1174.000
69.58973 1167.000
69.60715 1172.000
69.62457 1193.000
69.64199 1175.000
69.65941 1198.000
69.67683 1122.000
69.69424 1142.000
69.71166 1141.000
69.72908 1182.000
69.74650 1270.000
69.76392 1217.000
69.78134 1217.000
69.79876 1203.000
69.81618 1291.000
69.83360 1188.000
69.85102 1240.000
69.86843 1233.000
69.88585 1267.000
69.90327 1324.000
69.92069 1347.000
69.93811 1356.000
69.95553 1469.000
69.97295 1567.000
69.99037 1529.000
70.00779 1664.000
70.02521 1656.000
70.04262 1755.000
70.06004 1887.000
70.07746 1900.000
70.09488 1913.000
70.11230 1975.000
70.12972 2025.000
70.14714 1960.000
70.16456 1934.000
70.18198 1839.000
70.19940 1832.000
70.21681 1833.000
70.23423 1780.000
70.25165 1835.000
70.26907 1753.000
70.28649 1748.000
70.30391 1884.000
70.32133 1751.000
70.33875 1800.000
70.35617 1734.000
70.37359 1638.000
70.39101 1615.000
70.40842 1638.000
70.42584 1606.000
70.44326 1572.000
70.46068 1594.000
70.47810 1603.000
70.49552 1630.000
70.51294 1672.000
70.53036 1606.000
70.54778 1712.000
70.56520 1739.000
70.58261 1765.000
70.60003 1791.000
70.61745 1824.000
70.63487 1822.000
70.65229 1867.000
70.66971 1775.000
70.68713 1785.000
70.70455 1831.000
70.72197 1880.000
70.73939 1808.000
70.75680 1827.000
70.77422 1710.000
70.79164 1801.000
70.80906 1771.000
70.82648 1742.000
70.84390 1756.000
70.86132 1645.000
70.87874 1525.000
70.89616 1586.000
70.91358 1599.000
70.93099 1456.000
70.94841 1505.000
70.96583 1524.000
70.98325 1452.000
71.00067 1373.000
71.01809 1410.000
71.03551 1345.000
71.05293 1333.000
71.07035 1282.000
71.08777 1290.000
71.10519 1293.000
71.12260 1233.000
71.14002 1201.000
71.15744 1154.000
71.17486 1179.000
71.19228 1149.000
71.20970 1145.000
71.22712 1216.000
71.24454 1133.000
71.26196 1179.000
71.27938 1091.000
71.29679 1062.000
71.31421 1097.000
71.33163 1132.000
71.34905 1097.000
71.36647 1094.000
71.38389 1080.000
71.40131 1090.000
71.41873 1117.000
71.43615 1124.000
71.45357 1094.000
71.47098 1164.000
71.48840 1233.000
71.50582 1230.000
71.52324 1176.000
71.54066 1226.000
71.55808 1323.000
71.57550 1230.000
71.59292 1311.000
71.61034 1343.000
71.62776 1399.000
71.64517 1377.000
71.66259 1339.000
71.68001 1278.000
71.69743 1293.000
71.71485 1272.000
71.73227 1286.000
71.74969 1269.000
71.76711 1258.000
71.78453 1303.000
71.80195 1202.000
71.81936 1209.000
71.83678 1161.000
71.85420 1205.000
71.87162 1222.000
71.88904 1131.000
71.90646 1155.000
71.92388 1068.000
71.94130 1181.000
71.95872 1033.000
71.97614 1058.000
71.99356 1053.000
72.01097 1142.000
72.02839 1108.000
72.04581 1027.000
72.06323 1038.000
72.08065 1031.000
72.09807 1015.000
72.11549 1029.000
72.13291 1045.000
72.15033 962.000
72.16775 992.000
72.18516 1037.000
72.20258 1050.000
72.22000 1027.000
72.23742 1021.000
72.25484 1064.000
72.27226 990.000
72.28968 994.000
72.30710 1011.000
72.32452 1054.000
72.34194 1004.000
72.35935 1036.000
72.37677 1045.000
72.39419 1093.000
72.41161 1014.000
72.42903 998.000
72.44645 1075.000
72.46387 1013.000
72.48129 1029.000
72.49871 1057.000
72.51613 1079.000
72.53354 1035.000
72.55096 1082.000
72.56838 1101.000
72.58580 1167.000
72.60322 1152.000
72.62064 1183.000
72.63806 1196.000
72.65548 1169.000
72.67290 1155.000
72.69032 1161.000
72.70774 1129.000
72.72515 1218.000
72.74257 1189.000
72.75999 1211.000
72.77741 1118.000
72.79483 1178.000
72.81225 1157.000
72.82967 1123.000
72.84709 1147.000
72.86451 1148.000
72.88193 1088.000
72.89934 1160.000
72.91676 1096.000
72.93418 1120.000
72.95160 1072.000
72.96902 1022.000
72.98644 1046.000
73.00386 1016.000
73.02128 1003.000
73.03870 1000.000
73.05612 1068.000
73.07353 1029.000
73.09095 951.000
73.10837 1009.000
73.12579 930.000
73.14321 952.000
73.16063 912.000
73.17805 974.000
73.19547 938.000
73.21289 950.000
73.23031 927.000
73.24772 931.000
73.26514 1001.000
73.28256 977.000
73.29998 925.000
73.31740 931.000
73.33482 902.000
73.35224 860.000
73.36966 920.000
73.38708 909.000
73.40450 882.000
73.42191 953.000
73.43933 913.000
73.45675 922.000
73.47417 877.000
73.49159 935.000
73.50901 944.000
73.52643 908.000
73.54385 933.000
73.56127 952.000
73.57869 963.000
73.59611 860.000
73.61352 969.000
73.63094 997.000
73.64836 959.000
73.66578 961.000
73.68320 978.000
73.70062 1031.000
73.71804 993.000
73.73546 1031.000
73.75288 992.000
73.77030 990.000
73.78771 968.000
73.80513 987.000
73.82255 1093.000
73.83997 1032.000
73.85739 1003.000
73.87481 1008.000
73.89223 1037.000
73.90965 999.000
73.92707 1028.000
73.94449 975.000
73.96190 990.000
73.97932 939.000
73.99674 916.000
74.01416 943.000
74.03158 950.000
74.04900 970.000
74.06642 939.000
74.08384 948.000
74.10126 983.000
74.11868 927.000
74.13609 957.000
74.15351 922.000
74.17093 990.000
74.18835 928.000
74.20577 929.000
74.22319 934.000
74.24061 983.000
74.25803 886.000
74.27545 988.000
74.29287 902.000
74.31028 933.000
74.32770 974.000
74.34512 977.000
74.36254 922.000
74.37996 916.000
74.39738 883.000
74.41480 912.000
74.43222 951.000
74.44964 980.000
74.46706 978.000
74.48448 980.000
74.50189 960.000
74.51931 976.000
74.53673 947.000
74.55415 967.000
74.57157 898.000
74.58899 983.000
74.60641 894.000
74.62383 943.000
74.64125 947.000
74.65867 952.000
74.67608 857.000
74.69350 910.000
74.71092 883.000
74.72834 882.000
74.74576 920.000
74.76318 887.000
74.78060 925.000
74.79802 893.000
74.81544 914.000
74.83286 848.000
74.85027 886.000
74.86769 859.000
74.88511 900.000
74.90253 877.000
74.91995 866.000
74.93737 928.000
74.95479 917.000
74.97221 906.000
74.98963 882.000
75.00705 836.000
75.02446 857.000
75.04188 855.000
75.05930 868.000
75.07672 895.000
75.09414 831.000
75.11156 850.000
75.12898 851.000
75.14640 906.000
75.16382 860.000
75.18124 849.000
75.19866 826.000
75.21607 875.000
75.23349 782.000
75.25091 809.000
75.26833 874.000
75.28575 845.000
75.30317 847.000
75.32059 861.000
75.33801 869.000
75.35543 875.000
75.37285 894.000
75.39026 841.000
75.40768 880.000
75.42510 933.000
75.44252 829.000
75.45994 870.000
75.47736 910.000
75.49478 905.000
75.51220 865.000
75.52962 899.000
75.54704 859.000
75.56445 887.000
75.58187 896.000
75.59929 862.000
75.61671 863.000
75.63413 854.000
75.65155 862.000
75.66897 826.000
75.68639 881.000
75.70381 879.000
75.72123 921.000
75.73864 926.000
75.75606 835.000
75.77348 863.000
75.79090 851.000
75.80832 938.000
75.82574 893.000
75.84316 925.000
75.86058 837.000
75.87800 867.000
75.89542 906.000
75.91283 919.000
75.93025 895.000
75.94767 932.000
75.96509 971.000
75.98251 885.000
75.99993 940.000
76.01735 906.000
76.03477 867.000
76.05219 916.000
76.06961 920.000
76.08703 876.000
76.10444 914.000
76.12186 959.000
76.13928 839.000
76.15670 947.000
76.17412 977.000
76.19154 965.000
76.20896 874.000
76.22638 970.000
76.24380 948.000
76.26122 972.000
76.27863 910.000
76.29605 961.000
76.31347 926.000
76.33089 950.000
76.34831 962.000
76.36573 960.000
76.38315 966.000
76.40057 1013.000
76.41799 996.000
76.43541 1000.000
76.45282 984.000
76.47024 1036.000
76.48766 1035.000
76.50508 1001.000
76.52250 972.000
76.53992 966.000
76.55734 1031.000
76.57476 1036.000
76.59218 990.000
76.60960 1066.000
76.62701 1078.000
76.64443 1065.000
76.66185 1071.000
76.67927 1007.000
76.69669 1087.000
76.71411 1057.000
76.73153 1065.000
76.74895 1076.000
76.76637 1072.000
76.78379 1110.000
76.80120 1109.000
76.81862 1050.000
76.83604 1135.000
76.85346 1064.000
76.87088 1098.000
76.88830 1107.000
76.90572 1205.000
76.92314 1125.000
76.94056 1194.000
76.95798 1133.000
76.97540 1183.000
76.99281 1191.000
77.01023 1090.000
77.02765 1126.000
77.04507 1172.000
77.06249 1139.000
77.07991 1147.000
77.09733 1082.000
77.11475 1137.000
77.13217 1106.000
77.14959 1144.000
77.16700 1151.000
77.18442 1128.000
77.20184 1163.000
77.21926 1133.000
77.23668 1181.000
77.25410 1075.000
77.27152 1077.000
77.28894 1111.000
77.30636 1081.000
77.32378 1067.000
77.34119 1046.000
77.35861 1077.000
77.37603 1050.000
77.39345 1060.000
77.41087 1040.000
77.42829 1004.000
77.44571 996.000
77.46313 1032.000
77.48055 988.000
77.49797 1025.000
77.51538 1055.000
77.53280 969.000
77.55022 979.000
77.56764 1014.000
77.58506 966.000
77.60248 972.000
77.61990 1003.000
77.63732 923.000
77.65474 974.000
77.67216 977.000
77.68958 954.000
77.70699 997.000
77.72441 947.000
77.74183 889.000
77.75925 973.000
77.77667 976.000
77.79409 888.000
77.81151 946.000
77.82893 952.000
77.84635 922.000
77.86377 946.000
77.88118 974.000
77.89860 913.000
77.91602 960.000
77.93344 967.000
77.95086 1000.000
77.96828 932.000
77.98570 978.000
78.00312 950.000
78.02054 993.000
78.03796 952.000
78.05537 1035.000
78.07279 970.000
78.09021 936.000
78.10763 984.000
78.12505 960.000
78.14247 990.000
78.15989 945.000
78.17731 1019.000
78.19473 992.000
78.21215 1006.000
78.22956 1010.000
78.24698 994.000
78.26440 1026.000
78.28182 1028.000
78.29924 1066.000
78.31666 1059.000
78.33408 1086.000
78.35150 1015.000
78.36892 1094.000
78.38634 1129.000
78.40375 1133.000
78.42117 1158.000
78.43859 1196.000
78.45601 1177.000
78.47343 1261.000
78.49085 1206.000
78.50827 1262.000
78.52569 1325.000
78.54311 1263.000
78.56053 1391.000
78.57795 1384.000
78.59536 1458.000
78.61278 1518.000
78.63020 1599.000
78.64762 1561.000
78.66504 1628.000
78.68246 1688.000
78.69988 1699.000
78.71730 1637.000
78.73472 1732.000
78.75214 1649.000
78.76955 1603.000
78.78697 1704.000
78.80439 1632.000
78.82181 1655.000
78.83923 1598.000
78.85665 1605.000
78.87407 1637.000
78.89149 1509.000
78.90891 1482.000
78.92633 1498.000
78.94374 1478.000
78.96116 1455.000
78.97858 1446.000
78.99600 1363.000
79.01342 1460.000
79.03084 1383.000
79.04826 1321.000
79.06568 1276.000
79.08310 1287.000
79.10052 1275.000
79.11793 1252.000
79.13535 1227.000
79.15277 1141.000
79.17019 1181.000
79.18761 1172.000
79.20503 1125.000
79.22245 1167.000
79.23987 1129.000
79.25729 1035.000
79.27471 1041.000
79.29212 1017.000
79.30954 1087.000
79.32696 1099.000
79.34438 1026.000
79.36180 1089.000
79.37922 993.000
79.39664 1109.000
79.41406 1048.000
79.43148 1065.000
79.44890 1073.000
79.46632 1147.000
79.48373 1149.000
79.50115 1094.000
79.51857 1085.000
79.53599 1110.000
79.55341 1112.000
79.57083 1222.000
79.58825 1226.000
79.60567 1234.000
79.62309 1200.000
79.64051 1327.000
79.65792 1360.000
79.67534 1350.000
79.69276 1393.000
79.71018 1416.000
79.72760 1427.000
79.74502 1389.000
79.76244 1455.000
79.77986 1409.000
79.79728 1476.000
79.81470 1393.000
79.83211 1346.000
79.84953 1292.000
79.86695 1353.000
79.88437 1353.000
79.90179 1310.000
79.91921 1329.000
79.93663 1279.000
79.95405 1296.000
79.97147 1381.000
79.98889 1278.000
80.00630 1283.000
80.02372 1255.000
80.04114 1245.000
80.05856 1158.000
80.07598 1228.000
80.09340 1146.000
80.11082 1184.000
80.12824 1137.000
80.14566 1134.000
80.16308 1037.000
80.18050 1106.000
80.19791 1093.000
80.21533 1134.000
80.23275 1090.000
80.25017 1067.000
80.26759 1063.000
80.28501 1047.000
80.30243 1121.000
80.31985 1018.000
80.33727 1028.000
80.35469 1062.000
80.37210 1075.000
80.38952 1093.000
80.40694 1101.000
80.42436 1073.000
80.44178 1171.000
80.45920 1109.000
80.47662 1152.000
80.49404 1188.000
80.51146 1173.000
80.52888 1202.000
80.54629 1221.000
80.56371 1239.000
80.58113 1274.000
80.59855 1319.000
80.61597 1269.000
80.63339 1439.000
80.65081 1464.000
80.66823 1601.000
80.68565 1653.000
80.70307 1698.000
80.72048 1706.000
80.73790 1762.000
80.75532 1903.000
80.77274 1864.000
80.79016 1799.000
80.80758 1781.000
80.82500 1857.000
80.84242 1748.000
80.85984 1713.000
80.87726 1723.000
80.89467 1641.000
80.91209 1538.000
80.92951 1657.000
80.94693 1658.000
80.96435 1517.000
80.98177 1560.000
80.99919 1514.000
81.01661 1521.000
81.03403 1493.000
81.05145 1532.000
81.06887 1434.000
81.08628 1343.000
81.10370 1339.000
81.12112 1388.000
81.13854 1326.000
81.15596 1316.000
81.17338 1246.000
81.19080 1247.000
81.20822 1240.000
81.22564 1152.000
81.24306 1187.000
81.26047 1116.000
81.27789 1145.000
81.29531 1121.000
81.31273 1128.000
81.33015 1090.000
81.34757 1133.000
81.36499 1152.000
81.38241 1177.000
81.39983 1098.000
81.41725 1103.000
81.43466 1045.000
81.45208 1124.000
81.46950 1127.000
81.48692 1116.000
81.50434 1049.000
81.52176 1092.000
81.53918 1026.000
81.55660 1061.000
81.57402 1092.000
81.59144 1041.000
81.60885 1030.000
81.62627 1061.000
81.64369 1047.000
81.66111 1067.000
81.67853 1105.000
81.69595 1089.000
81.71337 1095.000
81.73079 1077.000
81.74821 1130.000
81.76563 1091.000
81.78305 1081.000
81.80046 1160.000
81.81788 1131.000
81.83530 1155.000
81.85272 1143.000
81.87014 1112.000
81.88756 1114.000
81.90498 1118.000
81.92240 1134.000
81.93982 1130.000
81.95724 1072.000
81.97465 1015.000
81.99207 1108.000
82.00949 1070.000
82.02691 1002.000
82.04433 994.000
82.06175 1072.000
82.07917 1066.000
82.09659 1077.000
82.11401 1049.000
82.13143 1000.000
82.14884 1023.000
82.16626 984.000
82.18368 963.000
82.20110 949.000
82.21852 1000.000
82.23594 976.000
82.25336 942.000
82.27078 1020.000
82.28820 892.000
82.30562 867.000
82.32303 964.000
82.34045 976.000
82.35787 961.000
82.37529 998.000
82.39271 946.000
82.41013 921.000
82.42755 962.000
82.44497 919.000
82.46239 924.000
82.47981 945.000
82.49722 932.000
82.51464 919.000
82.53206 904.000
82.54948 895.000
82.56690 919.000
82.58432 903.000
82.60174 893.000
82.61916 956.000
82.63658 913.000
82.65400 940.000
82.67142 873.000
82.68883 878.000
82.70625 949.000
82.72367 930.000
82.74109 892.000
82.75851 981.000
82.77593 907.000
82.79335 930.000
82.81077 899.000
82.82819 870.000
82.84561 874.000
82.86302 906.000
82.88044 900.000
82.89786 885.000
82.91528 888.000
82.93270 894.000
82.95012 873.000
82.96754 900.000
82.98496 812.000
83.00238 895.000
83.01980 860.000
83.03721 905.000
83.05463 853.000
83.07205 937.000
83.08947 846.000
83.10689 828.000
83.12431 883.000
83.14173 867.000
83.15915 909.000
83.17657 833.000
83.19399 873.000
83.21140 910.000
83.22882 927.000
83.24624 819.000
83.26366 920.000
83.28108 868.000
83.29850 854.000
83.31592 911.000
83.33334 850.000
83.35076 844.000
83.36818 879.000
83.38559 868.000
83.40301 892.000
83.42043 915.000
83.43785 878.000
83.45527 837.000
83.47269 915.000
83.49011 898.000
83.50753 876.000
83.52495 920.000
83.54237 841.000
83.55979 874.000
83.57720 932.000
83.59462 869.000
83.61204 839.000
83.62946 958.000
83.64688 849.000
83.66430 875.000
83.68172 870.000
83.69914 888.000
83.71656 900.000
83.73398 917.000
83.75139 903.000
83.76881 918.000
83.78623 880.000
83.80365 907.000
83.82107 936.000
83.83849 934.000
83.85591 920.000
83.87333 897.000
83.89075 879.000
83.90817 865.000
83.92558 888.000
83.94300 878.000
83.96042 904.000
83.97784 898.000
83.99526 877.000
84.01268 900.000
84.03010 831.000
84.04752 859.000
84.06494 857.000
84.08236 888.000
84.09977 895.000
84.11719 901.000
84.13461 909.000
84.15203 955.000
84.16945 900.000
84.18687 876.000
84.20429 872.000
84.22171 889.000
84.23913 885.000
84.25655 859.000
84.27397 902.000
84.29138 892.000
84.30880 871.000
84.32622 846.000
84.34364 910.000
84.36106 859.000
84.37848 874.000
84.39590 847.000
84.41332 895.000
84.43074 894.000
84.44816 893.000
84.46557 869.000
84.48299 907.000
84.50041 820.000
84.51783 841.000
84.53525 877.000
84.55267 855.000
84.57009 892.000
84.58751 881.000
84.60493 866.000
84.62235 890.000
84.63976 866.000
84.65718 911.000
84.67460 879.000
84.69202 864.000
84.70944 881.000
84.72686 855.000
84.74428 880.000
84.76170 915.000
84.77912 887.000
84.79654 894.000
84.81395 900.000
84.83137 884.000
84.84879 883.000
84.86621 949.000
84.88363 937.000
84.90105 867.000
84.91847 890.000
84.93589 895.000
84.95331 962.000
84.97073 934.000
84.98814 933.000
85.00556 869.000
85.02298 934.000
85.04040 928.000
85.05782 921.000
85.07524 961.000
85.09266 950.000
85.11008 936.000
85.12750 1037.000
85.14492 1009.000
85.16234 975.000
85.17975 1006.000
85.19717 1013.000
85.21459 1064.000
85.23201 1117.000
85.24943 1139.000
85.26685 1078.000
85.28427 1178.000
85.30169 1217.000
85.31911 1206.000
85.33653 1239.000
85.35394 1229.000
85.37136 1250.000
85.38878 1227.000
85.40620 1270.000
85.42362 1178.000
85.44104 1209.000
85.45846 1163.000
85.47588 1145.000
85.49330 1143.000
85.51072 1187.000
85.52813 1153.000
85.54555 1172.000
85.56297 1164.000
85.58039 1145.000
85.59781 1118.000
85.61523 1094.000
85.63265 1111.000
85.65007 1142.000
85.66749 1117.000
85.68491 1043.000
85.70232 1065.000
85.71974 1021.000
85.73716 977.000
85.75458 1031.000
85.77200 960.000
85.78942 975.000
85.80684 906.000
85.82426 936.000
85.84168 927.000
85.85910 943.000
85.87651 959.000
85.89393 852.000
85.91135 899.000
85.92877 870.000
85.94619 918.000
85.96361 946.000
85.98103 954.000
85.99845 904.000
86.01587 879.000
86.03329 881.000
86.05071 937.000
86.06812 917.000
86.08554 896.000
86.10296 923.000
86.12038 854.000
86.13780 886.000
86.15522 917.000
86.17264 892.000
86.19006 893.000
86.20748 896.000
86.22490 845.000
86.24231 921.000
86.25973 880.000
86.27715 971.000
86.29457 793.000
86.31199 935.000
86.32941 907.000
86.34683 905.000
86.36425 895.000
86.38167 869.000
86.39909 893.000
86.41650 907.000
86.43392 848.000
86.45134 946.000
86.46876 936.000
86.48618 917.000
86.50360 908.000
86.52102 970.000
86.53844 946.000
86.55586 961.000
86.57328 954.000
86.59069 936.000
86.60811 1025.000
86.62553 1001.000
86.64295 946.000
86.66037 925.000
86.67779 977.000
86.69521 988.000
86.71263 931.000
86.73005 902.000
86.74747 938.000
86.76489 1013.000
86.78230 915.000
86.79972 994.000
86.81714 993.000
86.83456 934.000
86.85198 969.000
86.86940 939.000
86.88682 950.000
86.90424 871.000
86.92166 922.000
86.93908 956.000
86.95649 962.000
86.97391 855.000
86.99133 912.000
87.00875 914.000
87.02617 850.000
87.04359 949.000
87.06101 961.000
87.07843 931.000
87.09585 897.000
87.11327 866.000
87.13068 927.000
87.14810 928.000
87.16552 873.000
87.18294 898.000
87.20036 932.000
87.21778 928.000
87.23520 937.000
87.25262 912.000
87.27004 983.000
87.28746 935.000
87.30487 921.000
87.32229 993.000
87.33971 905.000
87.35713 933.000
87.37455 1013.000
87.39197 946.000
87.40939 983.000
87.42681 930.000
87.44423 958.000
87.46165 980.000
87.47906 1004.000
87.49648 1009.000
87.51390 1003.000
87.53132 1035.000
87.54874 1054.000
87.56616 1008.000
87.58358 1062.000
87.60100 1087.000
87.61842 1080.000
87.63584 1060.000
87.65326 1103.000
87.67067 1158.000
87.68809 1216.000
87.70551 1186.000
87.72293 1299.000
87.74035 1282.000
87.75777 1288.000
87.77519 1458.000
87.79261 1405.000
87.81003 1371.000
87.82745 1426.000
87.84486 1530.000
87.86228 1537.000
87.87970 1524.000
87.89712 1650.000
87.91454 1564.000
87.93196 1590.000
87.94938 1579.000
87.96680 1629.000
87.98422 1585.000
88.00164 1495.000
88.01905 1537.000
88.03647 1549.000
88.05389 1536.000
88.07131 1577.000
88.08873 1424.000
88.10615 1496.000
88.12357 1457.000
88.14099 1450.000
88.15841 1434.000
88.17583 1387.000
88.19324 1438.000
88.21066 1380.000
88.22808 1405.000
88.24550 1364.000
88.26292 1205.000
88.28034 1336.000
88.29776 1303.000
88.31518 1255.000
88.33260 1179.000
88.35002 1240.000
88.36743 1092.000
88.38485 1164.000
88.40227 1116.000
88.41969 1155.000
88.43711 1094.000
88.45453 1128.000
88.47195 1094.000
88.48937 1077.000
88.50679 1067.000
88.52421 1087.000
88.54163 1109.000
88.55904 917.000
88.57646 1022.000
88.59388 1042.000
88.61130 1009.000
88.62872 1048.000
88.64614 978.000
88.66356 949.000
88.68098 1042.000
88.69840 1021.000
88.71582 958.000
88.73323 1021.000
88.75065 930.000
88.76807 977.000
88.78549 950.000
88.80291 950.000
88.82033 899.000
88.83775 966.000
88.85517 966.000
88.87259 972.000
88.89001 940.000
88.90742 975.000
88.92484 946.000
88.94226 955.000
88.95968 971.000
88.97710 938.000
88.99452 1047.000
89.01194 1065.000
89.02936 1075.000
89.04678 1002.000
89.06420 1029.000
89.08161 1030.000
89.09903 1042.000
89.11645 1108.000
89.13387 1033.000
89.15129 1110.000
89.16871 1024.000
89.18613 1077.000
89.20355 1073.000
89.22097 1062.000
89.23839 1103.000
89.25581 1131.000
89.27322 1111.000
89.29064 1106.000
89.30806 1071.000
89.32548 1074.000
89.34290 1119.000
89.36032 1086.000
89.37774 1064.000
89.39516 1104.000
89.41258 1050.000
89.43000 1157.000
89.44741 1081.000
89.46483 1094.000
89.48225 1101.000
89.49967 1079.000
89.51709 1147.000
89.53451 1078.000
89.55193 1054.000
89.56935 1117.000
89.58677 1071.000
89.60419 1009.000
89.62160 1079.000
89.63902 1087.000
89.65644 1055.000
89.67386 1014.000
89.69128 1003.000
89.70870 1077.000
89.72612 1019.000
89.74354 988.000
89.76096 978.000
89.77838 1029.000
89.79579 1010.000
89.81321 994.000
89.83063 1019.000
89.84805 1056.000
89.86547 1012.000
89.88289 1002.000
89.90031 1016.000
89.91773 995.000
89.93515 991.000
89.95257 1026.000
89.96998 980.000
89.98740 1021.000
90.00482 1019.000
90.02224 981.000
90.03966 981.000
90.05708 949.000
90.07450 947.000
90.09192 1023.000
90.10934 964.000
90.12676 1020.000
90.14418 1027.000
90.16159 1022.000
90.17901 939.000
90.19643 1001.000
90.21385 1000.000
90.23127 999.000
90.24869 982.000
90.26611 1007.000
90.28353 998.000
90.30095 998.000
90.31837 1011.000
90.33578 977.000
90.35320 964.000
90.37062 993.000
90.38804 1001.000
90.40546 1012.000
90.42288 1087.000
90.44030 1134.000
90.45772 1079.000
90.47514 1069.000
90.49256 1042.000
90.50997 1041.000
90.52739 1101.000
90.54481 1041.000
90.56223 1173.000
90.57965 1097.000
90.59707 1043.000
90.61449 1097.000
90.63191 1120.000
90.64933 1059.000
90.66675 1112.000
90.68416 1144.000
90.70158 1125.000
90.71900 1137.000
90.73642 1180.000
90.75384 1166.000
90.77126 1091.000
90.78868 1086.000
90.80610 1146.000
90.82352 1123.000
90.84094 1172.000
90.85836 1126.000
90.87577 1075.000
90.89319 1140.000
90.91061 1106.000
90.92803 1170.000
90.94545 1114.000
90.96287 1143.000
90.98029 1231.000
90.99771 1136.000
91.01513 1196.000
91.03255 1113.000
91.04996 1130.000
91.06738 1104.000
91.08480 1177.000
91.10222 1153.000
91.11964 1156.000
91.13706 1159.000
91.15448 1185.000
91.17190 1215.000
91.18932 1152.000
91.20674 1215.000
91.22415 1136.000
91.24157 1111.000
91.25899 1110.000
91.27641 1123.000
91.29383 1107.000
91.31125 1084.000
91.32867 1057.000
91.34609 1016.000
91.36351 1060.000
91.38093 1038.000
91.39834 1059.000
91.41576 1033.000
91.43318 1024.000
91.45060 1048.000
91.46802 1029.000
91.48544 1067.000
91.50286 1006.000
91.52028 997.000
91.53770 932.000
91.55512 968.000
91.57253 900.000
91.58995 1002.000
91.60737 993.000
91.62479 924.000
91.64221 980.000
91.65963 914.000
91.67705 952.000
91.69447 954.000
91.71189 1014.000
91.72931 975.000
91.74673 890.000
91.76414 897.000
91.78156 889.000
91.79898 925.000
91.81640 933.000
91.83382 909.000
91.85124 888.000
91.86866 930.000
91.88608 857.000
91.90350 921.000
91.92092 892.000
91.93833 901.000
91.95575 940.000
91.97317 899.000
91.99059 893.000
92.00801 932.000
92.02543 890.000
92.04285 896.000
92.06027 908.000
92.07769 873.000
92.09511 916.000
92.11252 869.000
92.12994 869.000
92.14736 879.000
92.16478 840.000
92.18220 932.000
92.19962 971.000
92.21704 927.000
92.23446 854.000
92.25188 921.000
92.26930 883.000
92.28671 900.000
92.30413 904.000
92.32155 882.000
92.33897 929.000
92.35639 923.000
92.37381 960.000
92.39123 948.000
92.40865 909.000
92.42607 908.000
92.44349 878.000
92.46090 867.000
92.47832 878.000
92.49574 856.000
92.51316 946.000
92.53058 899.000
92.54800 907.000
92.56542 889.000
92.58284 892.000
92.60026 849.000
92.61768 905.000
92.63510 911.000
92.65251 914.000
92.66993 866.000
92.68735 895.000
92.70477 872.000
92.72219 898.000
92.73961 979.000
92.75703 899.000
92.77445 883.000
92.79187 865.000
92.80929 912.000
92.82670 895.000
92.84412 937.000
92.86154 1014.000
92.87896 915.000
92.89638 921.000
92.91380 908.000
92.93122 909.000
92.94864 905.000
92.96606 880.000
92.98348 923.000
93.00089 942.000
93.01831 919.000
93.03573 903.000
93.05315 868.000
93.07057 898.000
93.08799 890.000
93.10541 882.000
93.12283 975.000
93.14025 967.000
93.15767 871.000
93.17508 879.000
93.19250 884.000
93.20992 953.000
93.22734 872.000
93.24476 930.000
93.26218 873.000
93.27960 848.000
93.29702 867.000
93.31444 881.000
93.33186 892.000
93.34928 863.000
93.36669 898.000
93.38411 862.000
93.40153 863.000
93.41895 834.000
93.43637 887.000
93.45379 846.000
93.47121 893.000
93.48863 920.000
93.50605 915.000
93.52347 891.000
93.54088 867.000
93.55830 873.000
93.57572 889.000
93.59314 856.000
93.61056 887.000
93.62798 948.000
93.64540 875.000
93.66282 868.000
93.68024 869.000
93.69766 893.000
93.71507 911.000
93.73249 885.000
93.74991 872.000
93.76733 817.000
93.78475 860.000
93.80217 896.000
93.81959 834.000
93.83701 847.000
93.85443 857.000
93.87185 882.000
93.88926 981.000
93.90668 853.000
93.92410 885.000
93.94152 910.000
93.95894 874.000
93.97636 904.000
93.99378 897.000
94.01120 827.000
94.02862 847.000
94.04604 909.000
94.06345 887.000
94.08087 925.000
94.09829 897.000
94.11571 930.000
94.13313 904.000
94.15055 884.000
94.16797 897.000
94.18539 960.000
94.20281 905.000
94.22023 956.000
94.23765 920.000
94.25506 974.000
94.27248 991.000
94.28990 1020.000
94.30732 1006.000
94.32474 999.000
94.34216 1130.000
94.35958 1064.000
94.37700 1082.000
94.39442 1047.000
94.41184 1070.000
94.42925 1071.000
94.44667 1101.000
94.46409 1077.000
94.48151 1127.000
94.49893 1142.000
94.51635 1113.000
94.53377 1119.000
94.55119 1089.000
94.56861 1100.000
94.58603 1084.000
94.60344 1085.000
94.62086 1041.000
94.63828 1092.000
94.65570 1137.000
94.67312 1004.000
94.69054 1066.000
94.70796 1077.000
94.72538 1074.000
94.74280 1101.000
94.76022 1069.000
94.77763 1067.000
94.79505 1088.000
94.81247 1082.000
94.82989 1026.000
94.84731 1062.000
94.86473 1052.000
94.88215 967.000
94.89957 986.000
94.91699 953.000
94.93441 1056.000
94.95182 1049.000
94.96924 1023.000
94.98666 1027.000
95.00408 996.000
95.02150 979.000
95.03892 973.000
95.05634 937.000
95.07376 1036.000
95.09118 982.000
95.10860 1007.000
95.12602 997.000
95.14343 968.000
95.16085 989.000
95.17827 994.000
95.19569 977.000
95.21311 987.000
95.23053 1027.000
95.24795 971.000
95.26537 1017.000
95.28279 1016.000
95.30021 982.000
95.31762 1011.000
95.33504 1047.000
95.35246 1020.000
95.36988 1012.000
95.38730 1010.000
95.40472 1002.000
95.42214 1030.000
95.43956 1013.000
95.45698 1041.000
95.47440 998.000
95.49181 1014.000
95.50923 1019.000
95.52665 998.000
95.54407 1095.000
95.56149 1016.000
95.57891 992.000
95.59633 1046.000
95.61375 1026.000
95.63117 1043.000
95.64859 997.000
95.66600 968.000
95.68342 969.000
95.70084 937.000
95.71826 993.000
95.73568 977.000
95.75310 858.000
95.77052 1016.000
95.78794 970.000
95.80536 960.000
95.82278 962.000
95.84020 971.000
95.85761 955.000
95.87503 981.000
95.89245 970.000
95.90987 950.000
95.92729 922.000
95.94471 971.000
95.96213 950.000
95.97955 990.000
95.99697 987.000
96.01439 942.000
96.03180 925.000
96.04922 937.000
96.06664 945.000
96.08406 906.000
96.10148 927.000
96.11890 906.000
96.13632 937.000
96.15374 923.000
96.17116 991.000
96.18858 965.000
96.20599 991.000
96.22341 991.000
96.24083 968.000
96.25825 1000.000
96.27567 992.000
96.29309 1026.000
96.31051 985.000
96.32793 1006.000
96.34535 1019.000
96.36277 942.000
96.38018 970.000
96.39760 1098.000
96.41502 1037.000
96.43244 1121.000
96.44986 1066.000
96.46728 1068.000
96.48470 1130.000
96.50212 1165.000
96.51954 1176.000
96.53696 1247.000
96.55437 1300.000
96.57179 1337.000
96.58921 1376.000
96.60663 1415.000
96.62405 1474.000
96.64147 1458.000
96.65889 1526.000
96.67631 1549.000
96.69373 1490.000
96.71115 1552.000
96.72857 1445.000
96.74598 1464.000
96.76340 1481.000
96.78082 1371.000
96.79824 1407.000
96.81566 1317.000
96.83308 1334.000
96.85050 1346.000
96.86792 1264.000
96.88534 1300.000
96.90276 1344.000
96.92017 1318.000
96.93759 1357.000
96.95501 1349.000
96.97243 1391.000
96.98985 1385.000
97.00727 1343.000
97.02469 1346.000
97.04211 1361.000
97.05953 1213.000
97.07695 1193.000
97.09436 1248.000
97.11178 1188.000
97.12920 1175.000
97.14662 1176.000
97.16404 1107.000
97.18146 1137.000
97.19888 1098.000
97.21630 1070.000
97.23372 1034.000
97.25114 1084.000
97.26855 1037.000
97.28597 1027.000
97.30339 1073.000
97.32081 1079.000
97.33823 1057.000
97.35565 1031.000
97.37307 1055.000
97.39049 1029.000
97.40791 986.000
97.42533 1052.000
97.44274 1013.000
97.46016 1081.000
97.47758 1037.000
97.49500 1043.000
97.51242 1048.000
97.52984 1029.000
97.54726 1128.000
97.56468 1078.000
97.58210 1058.000
97.59952 1145.000
97.61694 1136.000
97.63435 1091.000
97.65177 1121.000
97.66919 1165.000
97.68661 1161.000
97.70403 1257.000
97.72145 1217.000
97.73887 1315.000
97.75629 1340.000
97.77371 1363.000
97.79113 1468.000
97.80854 1400.000
97.82596 1448.000
97.84338 1351.000
97.86080 1402.000
97.87822 1407.000
97.89564 1369.000
97.91306 1347.000
97.93048 1404.000
97.94790 1354.000
97.96532 1383.000
97.98273 1396.000
98.00015 1293.000
98.01757 1285.000
98.03499 1276.000
98.05241 1282.000
98.06983 1306.000
98.08725 1327.000
98.10467 1374.000
98.12209 1343.000
98.13951 1328.000
98.15692 1365.000
98.17434 1306.000
98.19176 1334.000
98.20918 1341.000
98.22660 1377.000
98.24402 1364.000
98.26144 1282.000
98.27886 1284.000
98.29628 1353.000
98.31370 1271.000
98.33112 1248.000
98.34853 1260.000
98.36595 1231.000
98.38337 1257.000
98.40079 1287.000
98.41821 1256.000
98.43563 1293.000
98.45305 1275.000
98.47047 1222.000
98.48789 1257.000
98.50531 1205.000
98.52272 1161.000
98.54014 1168.000
98.55756 1161.000
98.57498 1194.000
98.59240 1205.000
98.60982 1239.000
98.62724 1140.000
98.64466 1164.000
98.66208 1104.000
98.67950 1150.000
98.69691 1175.000
98.71433 1187.000
98.73175 1191.000
98.74917 1128.000
98.76659 1169.000
98.78401 1146.000
98.80143 1152.000
98.81885 1153.000
98.83627 1210.000
98.85369 1132.000
98.87110 1147.000
98.88852 1135.000
98.90594 1175.000
98.92336 1099.000
98.94078 1142.000
98.95820 1092.000
98.97562 1146.000
98.99304 1145.000
99.01046 1166.000
99.02788 1141.000
99.04529 1137.000
99.06271 1133.000
99.08013 1212.000
99.09755 1170.000
99.11497 1169.000
99.13239 1179.000
99.14981 1137.000
99.16723 1133.000
99.18465 1172.000
99.20207 1168.000
99.21949 1180.000
99.23690 1208.000
99.25432 1111.000
99.27174 1129.000
99.28916 1161.000
99.30658 1191.000
99.32400 1211.000
99.34142 1174.000
99.35884 1205.000
99.37626 1138.000
99.39368 1184.000
99.41109 1195.000
99.42851 1152.000
99.44593 1153.000
99.46335 1153.000
99.48077 1059.000
99.49819 1090.000
99.51561 1094.000
99.53303 1032.000
99.55045 1047.000
99.56787 1034.000
99.58528 1119.000
99.60270 1069.000
99.62012 1091.000
99.63754 1004.000
99.65496 1007.000
99.67238 1009.000
99.68980 1004.000
99.70722 937.000
99.72464 1037.000
99.74206 988.000
99.75947 942.000
99.77689 1029.000
99.79431 1019.000
99.81173 947.000
99.82915 935.000
99.84657 955.000
99.86399 1004.000
99.88141 963.000
99.89883 945.000
99.91625 918.000
99.93366 938.000
99.95108 963.000
99.96850 940.000
99.98592 952.000
100.00334 954.000
